[218, 224, 221]
[214, 220, 220]
[208, 217, 219]
[202, 212, 216]
[199, 209, 214]
[200, 209, 214]
[202, 209, 214]
[204, 210, 214]
[204, 209, 215]
[199, 204, 212]
[186, 194, 205]
[173, 182, 198]
[155, 166, 186]
[133, 145, 168]
[120, 131, 153]
[123, 133, 153]
[144, 152, 168]
[157, 163, 174]
[173, 177, 186]
[183, 187, 193]
[186, 191, 198]
[181, 187, 194]
[172, 179, 189]
[160, 169, 182]
[152, 162, 178]
[144, 153, 175]
[137, 148, 173]
[131, 142, 169]
[117, 131, 159]
[108, 125, 151]
[97, 115, 139]
[89, 107, 128]
[93, 111, 132]
[99, 117, 136]
[105, 123, 141]
[117, 134, 151]
[125, 140, 156]
[129, 143, 159]
[129, 141, 156]
[127, 137, 152]
[124, 132, 147]
[122, 130, 145]
[114, 122, 137]
[104, 113, 129]
[99, 107, 122]
[97, 104, 119]
[106, 114, 125]
[118, 124, 132]
[131, 138, 142]
[141, 148, 149]
[219, 226, 222]
[216, 224, 222]
[209, 219, 220]
[202, 213, 216]
[198, 209, 213]
[196, 206, 211]
[196, 205, 210]
[197, 204, 209]
[199, 205, 211]
[196, 203, 211]
[184, 192, 203]
[172, 182, 198]
[150, 161, 182]
[128, 140, 162]
[118, 129, 152]
[118, 127, 147]
[137, 144, 161]
[155, 161, 172]
[172, 176, 183]
[181, 187, 191]
[185, 192, 197]
[180, 188, 194]
[171, 179, 187]
[161, 170, 182]
[151, 160, 177]
[145, 153, 173]
[139, 148, 171]
[132, 143, 168]
[122, 135, 160]
[112, 128, 152]
[98, 117, 138]
[89, 107, 128]
[91, 109, 129]
[95, 112, 132]
[103, 120, 139]
[113, 128, 146]
[124, 137, 154]
[128, 140, 156]
[132, 143, 158]
[133, 142, 158]
[130, 138, 153]
[126, 133, 148]
[118, 126, 140]
[110, 120, 135]
[100, 109, 124]
[96, 104, 119]
[105, 114, 125]
[117, 124, 132]
[133, 139, 142]
[143, 149, 151]
[220, 228, 225]
[216, 226, 224]
[209, 220, 221]
[205, 216, 220]
[198, 209, 214]
[196, 207, 212]
[192, 202, 208]
[193, 202, 208]
[194, 202, 208]
[192, 200, 208]
[181, 191, 202]
[167, 179, 195]
[146, 158, 178]
[124, 137, 160]
[117, 128, 151]
[112, 121, 142]
[132, 139, 155]
[151, 156, 167]
[168, 173, 180]
[179, 186, 191]
[182, 191, 195]
[173, 183, 188]
[166, 176, 184]
[160, 169, 182]
[150, 158, 174]
[144, 152, 172]
[139, 147, 170]
[131, 141, 164]
[128, 140, 164]
[116, 131, 154]
[103, 120, 142]
[93, 111, 133]
[92, 110, 131]
[92, 109, 130]
[102, 117, 137]
[109, 122, 141]
[121, 133, 150]
[129, 140, 156]
[133, 143, 158]
[135, 144, 158]
[135, 142, 156]
[130, 137, 152]
[123, 132, 146]
[116, 125, 140]
[105, 115, 130]
[102, 112, 127]
[106, 115, 127]
[115, 122, 131]
[133, 139, 143]
[140, 145, 148]
[220, 230, 228]
[216, 228, 228]
[211, 224, 226]
[208, 220, 225]
[198, 210, 216]
[195, 206, 213]
[191, 202, 208]
[191, 201, 207]
[190, 200, 207]
[188, 199, 207]
[176, 189, 200]
[163, 176, 191]
[144, 157, 178]
[121, 134, 157]
[110, 121, 145]
[108, 116, 137]
[128, 133, 151]
[144, 149, 161]
[162, 168, 176]
[176, 185, 188]
[175, 186, 190]
[171, 182, 188]
[164, 176, 184]
[158, 168, 181]
[150, 158, 176]
[144, 152, 173]
[139, 147, 169]
[131, 141, 163]
[129, 142, 164]
[120, 136, 157]
[107, 125, 147]
[101, 119, 140]
[94, 111, 133]
[93, 109, 129]
[98, 111, 132]
[108, 119, 137]
[118, 127, 144]
[128, 137, 153]
[134, 143, 158]
[135, 145, 158]
[137, 145, 158]
[136, 144, 157]
[130, 138, 152]
[120, 129, 143]
[113, 122, 137]
[108, 119, 133]
[106, 116, 129]
[114, 122, 131]
[129, 135, 141]
[138, 142, 146]
[216, 229, 230]
[211, 227, 230]
[209, 223, 228]
[202, 216, 224]
[197, 211, 219]
[196, 208, 217]
[191, 203, 211]
[187, 200, 207]
[187, 200, 206]
[183, 195, 204]
[171, 186, 197]
[156, 172, 188]
[141, 155, 177]
[121, 135, 159]
[105, 116, 140]
[107, 115, 137]
[127, 133, 150]
[143, 148, 161]
[156, 164, 171]
[168, 178, 181]
[172, 184, 188]
[167, 179, 185]
[163, 174, 184]
[156, 166, 179]
[150, 159, 176]
[146, 154, 174]
[139, 147, 168]
[133, 144, 165]
[128, 142, 164]
[121, 137, 159]
[110, 128, 151]
[101, 120, 142]
[94, 112, 134]
[95, 108, 131]
[98, 109, 131]
[107, 115, 135]
[116, 124, 142]
[126, 134, 149]
[135, 143, 156]
[138, 146, 158]
[138, 146, 158]
[138, 146, 159]
[134, 143, 156]
[126, 135, 149]
[118, 128, 142]
[113, 124, 139]
[109, 119, 131]
[114, 123, 132]
[125, 132, 137]
[136, 141, 145]
[199, 219, 225]
[195, 216, 223]
[190, 211, 221]
[190, 208, 219]
[188, 203, 216]
[188, 200, 213]
[188, 200, 211]
[186, 199, 207]
[182, 194, 202]
[177, 191, 200]
[166, 182, 193]
[154, 170, 186]
[137, 154, 174]
[120, 134, 156]
[106, 117, 140]
[108, 117, 137]
[128, 134, 151]
[142, 150, 161]
[155, 164, 171]
[164, 174, 179]
[170, 182, 188]
[166, 177, 186]
[158, 169, 181]
[152, 162, 176]
[150, 159, 176]
[146, 155, 173]
[139, 149, 168]
[134, 146, 166]
[128, 143, 164]
[120, 138, 159]
[109, 127, 150]
[100, 118, 141]
[95, 110, 134]
[95, 107, 131]
[100, 109, 132]
[108, 114, 134]
[118, 123, 142]
[127, 133, 148]
[137, 144, 156]
[140, 147, 159]
[140, 148, 157]
[140, 147, 158]
[137, 146, 157]
[132, 142, 155]
[122, 134, 147]
[115, 127, 140]
[111, 123, 135]
[112, 122, 130]
[124, 132, 138]
[135, 142, 145]
[182, 203, 209]
[173, 196, 206]
[168, 191, 202]
[169, 190, 205]
[172, 190, 205]
[176, 190, 205]
[178, 190, 205]
[180, 191, 204]
[177, 189, 200]
[172, 186, 197]
[164, 181, 192]
[155, 172, 186]
[136, 153, 171]
[124, 138, 158]
[112, 124, 144]
[116, 123, 142]
[129, 135, 152]
[142, 149, 160]
[155, 164, 171]
[160, 172, 178]
[166, 178, 184]
[165, 177, 186]
[156, 166, 178]
[153, 163, 177]
[150, 160, 175]
[146, 156, 172]
[139, 150, 168]
[133, 147, 166]
[128, 145, 164]
[119, 138, 159]
[107, 126, 149]
[100, 118, 142]
[96, 110, 135]
[94, 106, 131]
[101, 109, 132]
[108, 114, 134]
[119, 124, 142]
[129, 135, 149]
[138, 146, 155]
[142, 150, 157]
[142, 150, 157]
[142, 150, 159]
[140, 151, 159]
[135, 147, 158]
[125, 137, 150]
[116, 130, 142]
[112, 126, 135]
[113, 125, 131]
[125, 135, 137]
[136, 144, 145]
[141, 158, 164]
[137, 157, 167]
[134, 155, 167]
[138, 156, 171]
[143, 157, 173]
[152, 164, 180]
[158, 168, 185]
[159, 171, 185]
[166, 178, 191]
[166, 180, 193]
[166, 180, 193]
[159, 174, 187]
[137, 151, 166]
[133, 145, 160]
[125, 136, 151]
[126, 133, 148]
[134, 141, 154]
[144, 153, 161]
[153, 165, 171]
[155, 169, 174]
[161, 175, 181]
[160, 174, 182]
[156, 169, 179]
[153, 165, 177]
[149, 160, 174]
[146, 158, 172]
[141, 155, 170]
[135, 151, 167]
[127, 145, 163]
[120, 139, 159]
[108, 128, 150]
[100, 118, 141]
[96, 110, 135]
[95, 105, 130]
[102, 109, 132]
[109, 115, 134]
[121, 126, 142]
[132, 137, 150]
[139, 146, 154]
[141, 151, 156]
[147, 156, 160]
[149, 158, 163]
[142, 154, 160]
[136, 148, 157]
[126, 140, 150]
[115, 131, 139]
[115, 130, 135]
[120, 132, 135]
[127, 139, 138]
[138, 148, 146]
[111, 130, 135]
[106, 125, 134]
[102, 122, 133]
[103, 120, 133]
[106, 118, 130]
[111, 120, 132]
[129, 136, 146]
[145, 155, 165]
[151, 162, 173]
[157, 169, 182]
[159, 172, 185]
[160, 173, 184]
[150, 161, 173]
[141, 150, 161]
[138, 146, 158]
[139, 146, 155]
[142, 150, 158]
[152, 163, 167]
[152, 166, 169]
[154, 170, 173]
[158, 174, 179]
[157, 172, 179]
[153, 166, 176]
[149, 161, 174]
[149, 160, 173]
[147, 160, 173]
[143, 158, 172]
[135, 152, 167]
[126, 146, 163]
[120, 140, 159]
[108, 129, 150]
[100, 118, 141]
[96, 111, 135]
[96, 107, 131]
[102, 110, 131]
[111, 117, 136]
[122, 129, 144]
[132, 138, 150]
[137, 146, 152]
[141, 151, 154]
[148, 158, 160]
[148, 159, 161]
[143, 156, 159]
[138, 153, 158]
[130, 146, 151]
[121, 137, 142]
[120, 135, 138]
[127, 140, 138]
[134, 147, 143]
[139, 151, 147]
[106, 122, 121]
[98, 114, 117]
[88, 102, 108]
[88, 98, 105]
[91, 98, 104]
[95, 100, 104]
[100, 104, 108]
[110, 116, 122]
[122, 129, 137]
[134, 144, 154]
[144, 154, 166]
[150, 160, 170]
[159, 168, 178]
[159, 167, 176]
[156, 163, 171]
[152, 159, 165]
[157, 166, 170]
[158, 169, 170]
[155, 169, 170]
[154, 171, 172]
[153, 170, 174]
[150, 167, 173]
[149, 164, 173]
[146, 160, 172]
[147, 160, 172]
[146, 160, 173]
[142, 159, 171]
[134, 153, 167]
[127, 149, 164]
[121, 142, 160]
[110, 131, 151]
[101, 120, 142]
[97, 113, 136]
[99, 110, 132]
[105, 114, 134]
[113, 120, 137]
[124, 131, 145]
[132, 140, 150]
[137, 146, 152]
[142, 152, 155]
[146, 158, 158]
[146, 159, 159]
[145, 159, 160]
[143, 159, 162]
[137, 152, 156]
[137, 152, 154]
[138, 151, 152]
[139, 151, 149]
[142, 156, 152]
[146, 160, 157]
[121, 129, 121]
[105, 115, 111]
[95, 102, 100]
[91, 95, 92]
[89, 89, 87]
[89, 88, 88]
[95, 98, 94]
[97, 100, 98]
[104, 109, 108]
[112, 120, 123]
[128, 136, 143]
[142, 150, 159]
[153, 160, 169]
[162, 168, 174]
[163, 168, 174]
[164, 170, 172]
[161, 170, 171]
[159, 170, 170]
[157, 172, 171]
[154, 170, 171]
[147, 164, 168]
[145, 162, 169]
[146, 161, 170]
[145, 159, 171]
[144, 158, 171]
[143, 159, 171]
[140, 158, 170]
[133, 154, 166]
[127, 150, 164]
[119, 143, 160]
[109, 131, 151]
[101, 120, 143]
[98, 113, 136]
[102, 113, 134]
[108, 117, 136]
[115, 123, 139]
[125, 133, 146]
[133, 141, 150]
[137, 146, 152]
[141, 151, 153]
[145, 157, 157]
[147, 160, 159]
[148, 162, 162]
[147, 162, 163]
[144, 158, 160]
[143, 156, 159]
[142, 154, 156]
[141, 154, 154]
[146, 160, 160]
[148, 162, 162]
[126, 131, 115]
[109, 115, 103]
[102, 106, 95]
[101, 103, 90]
[104, 100, 86]
[114, 110, 96]
[114, 113, 99]
[117, 118, 106]
[106, 109, 101]
[104, 108, 106]
[105, 111, 112]
[116, 123, 128]
[126, 133, 139]
[144, 149, 154]
[161, 165, 169]
[165, 170, 171]
[169, 176, 174]
[168, 178, 176]
[160, 174, 173]
[154, 170, 171]
[148, 165, 170]
[145, 161, 169]
[144, 159, 170]
[144, 158, 170]
[142, 158, 170]
[140, 158, 169]
[138, 158, 169]
[132, 154, 167]
[125, 149, 163]
[116, 141, 157]
[105, 127, 147]
[101, 119, 140]
[98, 113, 135]
[103, 114, 134]
[109, 118, 136]
[117, 125, 140]
[127, 134, 146]
[133, 141, 150]
[137, 146, 152]
[140, 150, 154]
[143, 155, 155]
[147, 160, 160]
[148, 162, 161]
[146, 161, 162]
[147, 160, 163]
[146, 159, 161]
[143, 155, 158]
[140, 153, 155]
[137, 150, 153]
[135, 149, 152]
[129, 132, 110]
[116, 118, 97]
[108, 108, 87]
[106, 103, 81]
[114, 109, 83]
[124, 118, 89]
[131, 126, 99]
[130, 127, 103]
[117, 117, 100]
[102, 104, 95]
[92, 96, 93]
[96, 101, 101]
[119, 124, 125]
[135, 140, 142]
[151, 156, 157]
[164, 168, 167]
[170, 176, 174]
[169, 177, 175]
[163, 174, 173]
[156, 170, 172]
[150, 165, 170]
[145, 161, 169]
[144, 160, 170]
[143, 159, 170]
[141, 158, 169]
[139, 158, 169]
[136, 158, 169]
[130, 154, 166]
[121, 146, 160]
[114, 138, 155]
[102, 124, 143]
[98, 116, 138]
[100, 115, 136]
[103, 114, 134]
[109, 119, 136]
[116, 125, 139]
[126, 134, 145]
[133, 141, 149]
[137, 146, 152]
[141, 151, 153]
[143, 154, 154]
[147, 160, 160]
[149, 163, 163]
[149, 163, 165]
[149, 163, 166]
[147, 160, 164]
[142, 154, 158]
[136, 149, 151]
[131, 144, 146]
[122, 134, 137]
[134, 133, 104]
[122, 123, 94]
[113, 112, 81]
[111, 107, 75]
[122, 115, 78]
[132, 124, 87]
[144, 136, 100]
[141, 138, 108]
[128, 126, 104]
[115, 117, 103]
[99, 102, 94]
[88, 93, 89]
[96, 101, 100]
[116, 120, 120]
[138, 141, 140]
[156, 157, 156]
[164, 167, 165]
[167, 172, 171]
[162, 171, 171]
[156, 170, 172]
[150, 165, 170]
[145, 161, 169]
[143, 160, 169]
[142, 160, 170]
[141, 159, 170]
[139, 158, 169]
[135, 157, 168]
[126, 151, 163]
[116, 141, 154]
[107, 130, 147]
[101, 122, 141]
[99, 115, 136]
[101, 115, 135]
[104, 115, 134]
[109, 119, 135]
[115, 124, 137]
[125, 134, 143]
[132, 140, 147]
[137, 146, 150]
[141, 151, 154]
[146, 156, 157]
[149, 162, 162]
[150, 164, 165]
[150, 165, 168]
[147, 162, 167]
[140, 154, 159]
[134, 147, 150]
[127, 138, 139]
[121, 131, 131]
[113, 122, 121]
[139, 139, 104]
[132, 132, 96]
[125, 123, 87]
[127, 122, 80]
[133, 127, 83]
[141, 134, 87]
[150, 144, 103]
[146, 142, 110]
[129, 129, 106]
[122, 124, 108]
[103, 108, 99]
[89, 94, 89]
[87, 92, 89]
[103, 105, 103]
[123, 124, 122]
[148, 148, 145]
[159, 161, 158]
[165, 168, 166]
[163, 169, 169]
[158, 169, 172]
[150, 164, 170]
[146, 162, 169]
[143, 160, 168]
[140, 158, 168]
[140, 159, 169]
[138, 159, 169]
[131, 154, 165]
[125, 151, 162]
[115, 139, 152]
[103, 126, 142]
[97, 117, 135]
[100, 115, 136]
[101, 115, 135]
[104, 115, 134]
[108, 119, 134]
[115, 125, 137]
[124, 133, 142]
[132, 140, 146]
[137, 145, 149]
[143, 151, 153]
[148, 157, 159]
[149, 161, 163]
[148, 163, 165]
[147, 162, 167]
[139, 154, 160]
[134, 149, 152]
[127, 139, 139]
[120, 128, 125]
[120, 125, 119]
[115, 118, 111]
[156, 157, 119]
[148, 150, 112]
[143, 142, 102]
[142, 139, 95]
[146, 143, 94]
[152, 148, 101]
[153, 150, 108]
[146, 146, 115]
[133, 135, 112]
[120, 124, 109]
[102, 108, 99]
[88, 92, 87]
[82, 85, 83]
[97, 98, 95]
[121, 119, 116]
[144, 142, 137]
[158, 157, 153]
[166, 167, 166]
[163, 169, 170]
[160, 170, 173]
[153, 167, 172]
[148, 165, 171]
[142, 160, 168]
[138, 157, 166]
[138, 158, 168]
[134, 156, 166]
[130, 153, 164]
[126, 151, 162]
[115, 139, 152]
[104, 126, 141]
[99, 117, 135]
[99, 114, 133]
[101, 114, 134]
[103, 115, 132]
[108, 119, 134]
[115, 125, 136]
[124, 133, 141]
[131, 139, 144]
[136, 144, 147]
[144, 151, 153]
[145, 155, 157]
[143, 157, 159]
[143, 158, 161]
[134, 150, 155]
[123, 142, 144]
[120, 134, 134]
[121, 129, 124]
[122, 128, 116]
[123, 125, 110]
[120, 119, 101]
[159, 158, 127]
[157, 159, 123]
[158, 159, 121]
[157, 157, 114]
[157, 158, 114]
[154, 156, 113]
[151, 155, 118]
[142, 148, 117]
[129, 137, 117]
[115, 124, 111]
[98, 107, 100]
[89, 93, 90]
[84, 85, 83]
[100, 97, 95]
[123, 118, 115]
[138, 133, 129]
[154, 151, 148]
[162, 162, 161]
[164, 168, 169]
[160, 169, 172]
[156, 168, 174]
[148, 165, 171]
[142, 160, 167]
[139, 158, 167]
[139, 158, 168]
[133, 155, 165]
[130, 153, 164]
[126, 149, 161]
[115, 138, 152]
[105, 126, 141]
[99, 117, 134]
[99, 115, 133]
[101, 115, 134]
[103, 116, 133]
[107, 119, 134]
[115, 126, 137]
[125, 133, 142]
[129, 136, 141]
[136, 143, 146]
[143, 149, 152]
[142, 150, 153]
[140, 153, 156]
[138, 153, 156]
[127, 144, 146]
[115, 131, 130]
[111, 122, 115]
[114, 119, 105]
[121, 123, 101]
[127, 126, 100]
[126, 123, 94]
[147, 154, 129]
[156, 161, 135]
[157, 164, 133]
[157, 163, 130]
[157, 164, 129]
[150, 160, 126]
[146, 155, 123]
[131, 141, 116]
[117, 129, 113]
[105, 115, 106]
[93, 99, 96]
[82, 83, 81]
[83, 80, 80]
[98, 92, 90]
[120, 110, 108]
[135, 128, 126]
[151, 146, 145]
[159, 158, 159]
[161, 165, 167]
[156, 164, 169]
[152, 164, 170]
[144, 160, 167]
[140, 158, 166]
[139, 157, 166]
[136, 155, 165]
[132, 152, 163]
[127, 148, 160]
[123, 144, 156]
[113, 134, 149]
[107, 126, 142]
[99, 117, 134]
[99, 113, 131]
[102, 115, 134]
[105, 118, 134]
[110, 122, 137]
[117, 127, 139]
[122, 129, 139]
[128, 133, 140]
[136, 140, 144]
[142, 147, 150]
[141, 149, 152]
[137, 148, 151]
[129, 145, 146]
[120, 136, 135]
[111, 123, 118]
[113, 118, 106]
[117, 121, 101]
[127, 125, 95]
[137, 131, 96]
[138, 133, 96]
[132, 139, 125]
[143, 149, 132]
[146, 154, 132]
[145, 155, 132]
[148, 158, 134]
[139, 150, 127]
[125, 138, 116]
[110, 125, 110]
[100, 115, 105]
[90, 99, 95]
[84, 89, 88]
[81, 77, 78]
[82, 74, 75]
[95, 82, 83]
[119, 105, 105]
[131, 118, 119]
[149, 141, 141]
[157, 155, 156]
[155, 159, 162]
[152, 162, 165]
[147, 160, 166]
[141, 159, 165]
[137, 155, 163]
[135, 152, 162]
[133, 150, 161]
[132, 150, 162]
[125, 142, 155]
[119, 138, 152]
[115, 133, 148]
[109, 125, 142]
[101, 116, 134]
[99, 113, 131]
[103, 116, 135]
[105, 118, 136]
[111, 122, 139]
[116, 125, 139]
[121, 126, 139]
[128, 131, 141]
[131, 135, 141]
[138, 141, 146]
[142, 148, 151]
[129, 140, 142]
[111, 125, 126]
[108, 121, 119]
[108, 115, 108]
[102, 106, 92]
[119, 118, 97]
[128, 123, 91]
[142, 137, 99]
[141, 136, 94]
[90, 99, 93]
[107, 117, 108]
[114, 124, 113]
[115, 126, 112]
[117, 130, 116]
[117, 131, 118]
[108, 122, 111]
[95, 108, 100]
[80, 91, 87]
[71, 76, 76]
[70, 68, 70]
[73, 65, 67]
[80, 66, 68]
[94, 76, 78]
[115, 98, 101]
[130, 115, 119]
[143, 134, 137]
[150, 151, 154]
[156, 163, 165]
[153, 165, 168]
[145, 161, 166]
[139, 157, 164]
[134, 153, 161]
[132, 150, 160]
[132, 150, 161]
[132, 149, 162]
[127, 144, 157]
[119, 136, 150]
[115, 132, 147]
[109, 125, 141]
[101, 115, 133]
[97, 110, 129]
[101, 112, 132]
[106, 117, 136]
[107, 117, 135]
[108, 115, 132]
[117, 123, 138]
[126, 129, 141]
[130, 133, 142]
[130, 136, 143]
[132, 140, 145]
[123, 134, 137]
[109, 120, 121]
[99, 109, 107]
[95, 101, 92]
[99, 100, 85]
[120, 117, 94]
[130, 127, 95]
[140, 138, 98]
[145, 144, 102]
[70, 80, 80]
[71, 82, 79]
[77, 89, 84]
[85, 98, 92]
[87, 101, 93]
[89, 102, 95]
[81, 92, 86]
[69, 78, 76]
[65, 69, 70]
[61, 59, 62]
[61, 54, 58]
[72, 56, 61]
[84, 63, 68]
[101, 76, 81]
[118, 96, 101]
[130, 115, 120]
[139, 132, 136]
[149, 151, 154]
[155, 164, 166]
[150, 165, 168]
[143, 161, 167]
[137, 156, 163]
[134, 151, 160]
[132, 148, 159]
[133, 149, 161]
[132, 148, 160]
[128, 144, 157]
[121, 136, 150]
[116, 130, 146]
[111, 124, 142]
[102, 114, 133]
[97, 108, 128]
[98, 108, 129]
[102, 111, 131]
[105, 114, 133]
[105, 112, 130]
[114, 119, 134]
[122, 126, 138]
[125, 130, 140]
[128, 135, 143]
[127, 135, 142]
[118, 128, 133]
[108, 118, 120]
[94, 101, 101]
[85, 91, 84]
[95, 97, 83]
[112, 110, 90]
[125, 124, 95]
[137, 135, 101]
[144, 144, 108]
[73, 83, 88]
[67, 76, 78]
[59, 68, 68]
[59, 69, 68]
[56, 65, 64]
[55, 64, 62]
[55, 61, 61]
[57, 60, 62]
[60, 58, 63]
[66, 60, 66]
[73, 59, 67]
[85, 65, 72]
[101, 75, 83]
[113, 87, 95]
[124, 101, 109]
[132, 119, 126]
[138, 134, 140]
[148, 152, 156]
[147, 158, 162]
[144, 161, 165]
[139, 157, 163]
[135, 153, 161]
[133, 149, 159]
[131, 146, 157]
[129, 144, 155]
[129, 144, 156]
[127, 141, 154]
[121, 136, 150]
[116, 130, 145]
[112, 124, 141]
[103, 114, 133]
[97, 107, 127]
[99, 107, 128]
[101, 109, 129]
[102, 110, 130]
[105, 112, 129]
[109, 115, 130]
[116, 124, 135]
[121, 128, 138]
[124, 133, 143]
[121, 130, 139]
[116, 128, 134]
[101, 111, 116]
[90, 96, 98]
[80, 85, 81]
[80, 82, 73]
[97, 97, 82]
[111, 112, 91]
[123, 124, 98]
[129, 132, 106]
[95, 104, 114]
[83, 94, 101]
[72, 81, 86]
[60, 68, 72]
[57, 63, 67]
[58, 63, 68]
[61, 64, 68]
[67, 67, 72]
[74, 70, 76]
[82, 72, 80]
[90, 75, 85]
[102, 79, 90]
[111, 88, 98]
[115, 93, 103]
[126, 110, 120]
[134, 124, 132]
[137, 135, 143]
[141, 147, 153]
[141, 153, 158]
[140, 155, 161]
[136, 152, 160]
[136, 150, 160]
[134, 148, 158]
[132, 144, 157]
[128, 141, 153]
[125, 138, 151]
[125, 139, 152]
[122, 135, 149]
[116, 129, 145]
[111, 123, 140]
[103, 114, 132]
[100, 109, 129]
[100, 108, 130]
[102, 108, 129]
[101, 108, 128]
[103, 110, 127]
[105, 113, 127]
[108, 118, 129]
[117, 128, 137]
[118, 130, 139]
[114, 125, 135]
[108, 119, 128]
[93, 102, 110]
[84, 91, 95]
[72, 76, 76]
[69, 72, 69]
[81, 84, 76]
[94, 95, 82]
[106, 108, 92]
[115, 118, 101]
[118, 130, 146]
[115, 126, 138]
[107, 117, 125]
[103, 111, 115]
[98, 103, 108]
[95, 98, 103]
[92, 94, 100]
[95, 93, 99]
[98, 91, 100]
[102, 92, 102]
[106, 91, 104]
[111, 92, 107]
[117, 98, 113]
[119, 102, 116]
[127, 114, 127]
[131, 125, 136]
[134, 134, 144]
[135, 142, 151]
[135, 148, 154]
[137, 151, 158]
[137, 151, 159]
[136, 150, 159]
[136, 147, 159]
[135, 146, 159]
[130, 140, 153]
[126, 137, 150]
[123, 135, 148]
[114, 126, 141]
[110, 122, 137]
[108, 120, 136]
[103, 112, 131]
[99, 108, 128]
[101, 108, 128]
[103, 109, 130]
[102, 109, 128]
[104, 110, 127]
[103, 113, 126]
[106, 117, 128]
[111, 124, 133]
[112, 126, 136]
[108, 122, 132]
[100, 112, 123]
[93, 102, 112]
[80, 86, 94]
[66, 70, 75]
[58, 60, 60]
[58, 59, 56]
[66, 68, 61]
[75, 77, 69]
[80, 82, 72]
[121, 132, 151]
[123, 135, 150]
[120, 132, 143]
[116, 125, 135]
[116, 123, 131]
[112, 116, 125]
[107, 108, 117]
[107, 106, 115]
[110, 107, 117]
[111, 105, 119]
[115, 108, 124]
[117, 106, 124]
[116, 105, 124]
[118, 107, 127]
[122, 116, 132]
[124, 122, 137]
[128, 132, 144]
[129, 137, 147]
[130, 141, 149]
[135, 146, 154]
[141, 153, 160]
[142, 153, 162]
[139, 148, 159]
[137, 145, 158]
[132, 140, 153]
[126, 135, 149]
[120, 130, 143]
[110, 122, 136]
[106, 116, 132]
[102, 112, 130]
[100, 110, 128]
[100, 108, 128]
[101, 107, 128]
[104, 109, 129]
[103, 109, 126]
[104, 110, 126]
[103, 112, 125]
[107, 118, 129]
[109, 122, 132]
[107, 120, 132]
[103, 116, 127]
[99, 111, 123]
[95, 105, 116]
[80, 86, 96]
[65, 69, 76]
[58, 60, 63]
[52, 53, 54]
[50, 51, 49]
[53, 53, 50]
[56, 57, 53]
