[186, 186, 186]
[182, 183, 183]
[177, 180, 180]
[175, 178, 177]
[174, 178, 176]
[180, 182, 179]
[186, 188, 184]
[190, 193, 189]
[186, 188, 187]
[171, 172, 176]
[157, 158, 168]
[144, 142, 157]
[132, 128, 143]
[116, 115, 125]
[124, 122, 128]
[150, 150, 152]
[172, 173, 175]
[172, 177, 182]
[156, 163, 170]
[133, 141, 151]
[113, 123, 139]
[122, 133, 148]
[126, 140, 156]
[114, 127, 146]
[96, 105, 124]
[60, 66, 81]
[51, 57, 67]
[75, 78, 85]
[99, 105, 111]
[130, 141, 145]
[136, 150, 154]
[107, 126, 136]
[83, 103, 118]
[71, 87, 104]
[72, 85, 102]
[73, 84, 102]
[73, 83, 101]
[73, 85, 102]
[69, 83, 101]
[56, 72, 89]
[51, 67, 84]
[53, 67, 83]
[59, 70, 84]
[61, 72, 85]
[63, 70, 84]
[70, 76, 89]
[74, 80, 90]
[82, 88, 95]
[91, 96, 102]
[92, 97, 102]
[187, 189, 186]
[181, 184, 183]
[176, 181, 180]
[173, 177, 176]
[173, 177, 174]
[180, 183, 180]
[186, 188, 184]
[190, 194, 192]
[185, 188, 188]
[167, 170, 175]
[151, 153, 163]
[130, 130, 145]
[116, 114, 127]
[118, 116, 124]
[129, 128, 131]
[163, 162, 164]
[179, 180, 182]
[166, 170, 177]
[148, 155, 164]
[121, 127, 138]
[106, 114, 130]
[123, 133, 148]
[127, 140, 156]
[104, 117, 134]
[79, 92, 108]
[56, 66, 77]
[51, 58, 66]
[83, 89, 94]
[102, 112, 116]
[130, 141, 147]
[127, 144, 150]
[97, 113, 124]
[73, 90, 105]
[71, 85, 101]
[73, 84, 101]
[75, 85, 101]
[74, 84, 101]
[69, 84, 100]
[62, 78, 94]
[54, 71, 88]
[50, 66, 82]
[52, 65, 80]
[59, 67, 82]
[62, 69, 82]
[66, 70, 82]
[71, 74, 85]
[79, 83, 90]
[88, 93, 96]
[95, 100, 100]
[97, 103, 103]
[187, 190, 186]
[179, 185, 182]
[174, 181, 179]
[170, 177, 175]
[169, 176, 174]
[176, 181, 177]
[183, 185, 182]
[188, 192, 190]
[181, 184, 186]
[159, 160, 168]
[137, 139, 150]
[113, 113, 127]
[111, 111, 120]
[119, 117, 123]
[149, 147, 151]
[177, 176, 178]
[178, 179, 184]
[160, 166, 174]
[137, 145, 156]
[107, 114, 127]
[108, 114, 130]
[122, 132, 147]
[130, 140, 154]
[95, 108, 124]
[64, 79, 93]
[45, 56, 67]
[52, 62, 68]
[90, 98, 103]
[117, 127, 132]
[130, 143, 150]
[115, 132, 141]
[88, 103, 116]
[66, 79, 95]
[72, 83, 98]
[76, 85, 100]
[77, 86, 102]
[76, 87, 103]
[68, 83, 99]
[58, 75, 91]
[50, 67, 82]
[51, 66, 80]
[56, 66, 81]
[63, 68, 82]
[63, 67, 80]
[67, 68, 79]
[74, 75, 81]
[86, 89, 91]
[95, 98, 98]
[101, 106, 104]
[101, 107, 106]
[185, 191, 186]
[177, 184, 181]
[173, 182, 179]
[169, 177, 175]
[168, 177, 173]
[173, 179, 176]
[175, 180, 178]
[181, 186, 187]
[177, 181, 185]
[151, 154, 163]
[120, 121, 133]
[109, 110, 120]
[111, 111, 117]
[138, 137, 141]
[165, 165, 167]
[179, 180, 183]
[174, 179, 184]
[147, 155, 165]
[128, 136, 147]
[102, 107, 120]
[108, 115, 131]
[121, 134, 149]
[116, 130, 144]
[88, 101, 117]
[52, 67, 80]
[47, 57, 67]
[57, 68, 75]
[93, 102, 109]
[124, 135, 142]
[127, 141, 150]
[108, 121, 133]
[83, 93, 107]
[66, 79, 92]
[75, 85, 98]
[80, 89, 102]
[80, 90, 105]
[76, 88, 105]
[68, 82, 99]
[56, 73, 89]
[50, 64, 80]
[51, 64, 79]
[58, 66, 82]
[62, 66, 80]
[63, 63, 75]
[69, 68, 75]
[81, 79, 83]
[92, 92, 91]
[103, 105, 101]
[102, 107, 105]
[103, 110, 109]
[186, 194, 187]
[179, 188, 183]
[173, 183, 179]
[167, 177, 174]
[163, 173, 170]
[167, 176, 173]
[173, 179, 178]
[177, 185, 187]
[173, 177, 182]
[143, 146, 154]
[112, 112, 123]
[110, 109, 117]
[119, 117, 122]
[150, 150, 152]
[170, 173, 174]
[176, 182, 184]
[163, 173, 179]
[133, 143, 153]
[104, 113, 126]
[99, 108, 120]
[113, 122, 137]
[119, 133, 149]
[104, 120, 134]
[75, 90, 105]
[47, 60, 74]
[46, 56, 66]
[60, 71, 81]
[98, 107, 116]
[126, 136, 146]
[125, 137, 149]
[105, 118, 132]
[75, 86, 99]
[67, 79, 91]
[81, 92, 104]
[86, 96, 108]
[84, 95, 109]
[78, 91, 108]
[68, 82, 100]
[57, 70, 88]
[50, 62, 80]
[51, 60, 77]
[56, 62, 79]
[61, 63, 77]
[65, 64, 74]
[76, 73, 79]
[91, 89, 90]
[103, 100, 98]
[109, 109, 105]
[107, 112, 111]
[103, 111, 112]
[175, 179, 173]
[172, 180, 172]
[166, 176, 170]
[164, 175, 173]
[164, 174, 172]
[165, 174, 173]
[169, 177, 177]
[173, 181, 184]
[168, 173, 179]
[134, 136, 144]
[112, 112, 120]
[113, 111, 116]
[131, 128, 132]
[159, 159, 160]
[170, 174, 175]
[169, 177, 181]
[151, 164, 170]
[123, 135, 143]
[93, 102, 114]
[102, 110, 123]
[112, 122, 137]
[119, 133, 149]
[95, 112, 126]
[64, 78, 94]
[40, 51, 65]
[47, 56, 67]
[66, 75, 87]
[102, 110, 120]
[126, 133, 145]
[116, 128, 141]
[102, 112, 127]
[74, 83, 95]
[74, 85, 95]
[90, 103, 111]
[91, 102, 113]
[86, 98, 111]
[80, 93, 109]
[68, 81, 101]
[57, 69, 90]
[51, 60, 80]
[51, 59, 78]
[58, 63, 80]
[62, 63, 78]
[71, 70, 79]
[81, 78, 82]
[100, 96, 97]
[112, 108, 106]
[114, 115, 112]
[114, 117, 118]
[106, 113, 117]
[153, 154, 145]
[150, 157, 149]
[154, 163, 156]
[162, 170, 167]
[166, 175, 172]
[166, 173, 172]
[165, 170, 171]
[169, 173, 176]
[161, 164, 170]
[132, 134, 140]
[113, 112, 118]
[116, 115, 119]
[141, 140, 141]
[160, 163, 164]
[169, 175, 176]
[159, 168, 171]
[138, 150, 157]
[113, 123, 131]
[94, 103, 115]
[109, 118, 130]
[116, 129, 142]
[112, 127, 143]
[85, 101, 115]
[51, 64, 79]
[38, 49, 61]
[50, 57, 68]
[72, 78, 92]
[103, 109, 121]
[122, 128, 141]
[116, 125, 140]
[94, 105, 119]
[73, 83, 93]
[81, 93, 102]
[94, 107, 115]
[99, 112, 120]
[88, 101, 112]
[80, 94, 110]
[69, 81, 101]
[58, 68, 90]
[52, 60, 81]
[52, 59, 78]
[59, 63, 81]
[68, 69, 82]
[81, 78, 87]
[90, 86, 91]
[110, 105, 106]
[119, 116, 115]
[119, 118, 117]
[117, 119, 123]
[105, 110, 117]
[129, 123, 110]
[132, 133, 122]
[140, 143, 135]
[150, 154, 151]
[156, 161, 159]
[157, 161, 160]
[163, 166, 168]
[164, 167, 169]
[162, 162, 167]
[138, 139, 143]
[127, 126, 129]
[127, 126, 127]
[148, 148, 147]
[162, 165, 164]
[168, 175, 174]
[150, 159, 162]
[134, 145, 150]
[112, 123, 130]
[107, 117, 127]
[114, 126, 137]
[115, 129, 143]
[95, 113, 128]
[70, 88, 104]
[45, 58, 73]
[41, 50, 63]
[59, 65, 77]
[75, 81, 95]
[102, 108, 121]
[122, 128, 141]
[110, 119, 133]
[93, 103, 116]
[78, 87, 97]
[86, 98, 105]
[96, 110, 117]
[98, 112, 119]
[93, 106, 117]
[85, 98, 114]
[71, 82, 101]
[59, 68, 90]
[53, 60, 82]
[53, 59, 79]
[60, 64, 81]
[69, 70, 83]
[85, 83, 92]
[100, 97, 99]
[114, 110, 110]
[119, 114, 116]
[120, 119, 121]
[114, 115, 122]
[100, 103, 115]
[143, 133, 118]
[116, 113, 100]
[107, 107, 97]
[111, 112, 106]
[125, 127, 123]
[141, 143, 142]
[153, 153, 153]
[164, 163, 165]
[164, 163, 164]
[161, 160, 162]
[150, 148, 148]
[149, 148, 146]
[153, 154, 151]
[163, 166, 163]
[165, 173, 170]
[150, 157, 159]
[134, 145, 149]
[118, 130, 137]
[115, 127, 137]
[112, 128, 140]
[111, 129, 142]
[86, 105, 121]
[65, 81, 98]
[45, 57, 72]
[48, 56, 69]
[65, 71, 84]
[80, 86, 102]
[102, 109, 122]
[121, 128, 140]
[102, 112, 125]
[87, 97, 109]
[80, 92, 100]
[88, 100, 107]
[95, 108, 115]
[97, 109, 117]
[95, 107, 117]
[90, 102, 116]
[72, 83, 101]
[59, 67, 87]
[52, 59, 80]
[53, 58, 77]
[61, 64, 80]
[69, 70, 82]
[89, 86, 94]
[105, 102, 105]
[119, 115, 116]
[121, 119, 122]
[118, 118, 125]
[105, 108, 119]
[96, 100, 115]
[180, 161, 137]
[124, 113, 96]
[98, 93, 79]
[101, 95, 85]
[107, 105, 100]
[125, 124, 120]
[141, 137, 134]
[151, 146, 144]
[166, 160, 159]
[165, 159, 159]
[161, 157, 154]
[158, 158, 153]
[166, 167, 161]
[168, 171, 164]
[163, 169, 165]
[155, 161, 161]
[141, 149, 153]
[129, 139, 146]
[122, 134, 146]
[113, 129, 142]
[101, 121, 136]
[81, 100, 117]
[58, 72, 90]
[47, 57, 74]
[51, 59, 73]
[70, 76, 89]
[83, 89, 104]
[101, 109, 123]
[114, 123, 134]
[97, 108, 120]
[84, 96, 107]
[82, 93, 101]
[90, 100, 107]
[97, 109, 116]
[97, 109, 116]
[95, 106, 117]
[89, 101, 114]
[73, 83, 100]
[61, 71, 89]
[52, 59, 79]
[53, 58, 77]
[63, 66, 81]
[75, 76, 85]
[92, 90, 96]
[105, 103, 107]
[118, 116, 118]
[120, 119, 124]
[110, 111, 121]
[99, 103, 117]
[88, 95, 110]
[182, 165, 139]
[134, 122, 104]
[97, 90, 74]
[80, 72, 59]
[89, 82, 72]
[103, 97, 87]
[122, 113, 103]
[132, 123, 116]
[144, 134, 131]
[167, 158, 156]
[173, 167, 162]
[174, 170, 164]
[174, 174, 167]
[170, 173, 163]
[164, 167, 163]
[158, 163, 162]
[148, 153, 158]
[134, 141, 150]
[124, 135, 147]
[104, 119, 135]
[90, 107, 124]
[74, 89, 108]
[54, 68, 85]
[49, 59, 74]
[54, 61, 75]
[71, 76, 89]
[84, 90, 105]
[103, 110, 123]
[112, 122, 132]
[96, 108, 120]
[84, 96, 108]
[82, 94, 103]
[88, 98, 105]
[92, 103, 110]
[92, 103, 111]
[93, 104, 114]
[89, 101, 114]
[77, 89, 105]
[66, 76, 93]
[52, 60, 78]
[52, 57, 74]
[67, 70, 83]
[83, 83, 91]
[98, 97, 101]
[109, 108, 111]
[116, 116, 120]
[117, 117, 125]
[105, 107, 118]
[93, 99, 113]
[86, 94, 110]
[185, 166, 138]
[140, 127, 104]
[90, 80, 63]
[65, 56, 43]
[76, 66, 52]
[97, 87, 71]
[117, 104, 88]
[127, 114, 100]
[131, 118, 108]
[155, 142, 137]
[177, 167, 159]
[185, 178, 170]
[178, 175, 167]
[173, 172, 164]
[168, 171, 165]
[163, 163, 162]
[152, 154, 159]
[140, 145, 154]
[127, 137, 151]
[104, 117, 135]
[82, 97, 116]
[69, 83, 102]
[56, 68, 86]
[52, 61, 77]
[59, 66, 79]
[72, 76, 89]
[84, 90, 103]
[101, 111, 123]
[111, 120, 131]
[96, 107, 120]
[85, 96, 109]
[82, 92, 102]
[85, 93, 103]
[91, 99, 109]
[94, 103, 113]
[95, 106, 116]
[88, 101, 113]
[80, 93, 107]
[65, 77, 94]
[55, 63, 80]
[60, 66, 80]
[74, 76, 88]
[88, 89, 96]
[101, 102, 105]
[107, 108, 112]
[111, 114, 119]
[111, 115, 122]
[97, 103, 114]
[91, 99, 111]
[87, 96, 109]
[172, 156, 126]
[112, 102, 82]
[67, 58, 44]
[52, 42, 28]
[79, 64, 45]
[105, 90, 69]
[129, 111, 86]
[125, 108, 86]
[123, 107, 91]
[147, 133, 120]
[169, 155, 145]
[184, 176, 167]
[191, 186, 178]
[179, 176, 169]
[173, 173, 170]
[168, 168, 168]
[157, 160, 164]
[148, 152, 161]
[128, 136, 151]
[104, 116, 135]
[80, 93, 113]
[66, 77, 97]
[58, 68, 86]
[56, 64, 80]
[65, 70, 83]
[78, 83, 94]
[88, 93, 107]
[103, 111, 124]
[110, 120, 130]
[94, 105, 118]
[83, 94, 107]
[80, 90, 101]
[85, 91, 102]
[92, 99, 109]
[98, 104, 115]
[94, 102, 114]
[89, 101, 114]
[77, 90, 104]
[67, 78, 93]
[64, 72, 86]
[65, 71, 82]
[83, 84, 94]
[96, 99, 103]
[102, 107, 110]
[105, 108, 112]
[106, 109, 114]
[104, 109, 116]
[98, 106, 115]
[93, 100, 110]
[90, 99, 109]
[146, 133, 104]
[88, 81, 62]
[47, 38, 24]
[53, 40, 25]
[85, 68, 45]
[115, 97, 71]
[133, 111, 78]
[128, 109, 80]
[123, 107, 83]
[134, 117, 97]
[158, 143, 130]
[187, 177, 164]
[194, 186, 177]
[182, 178, 171]
[177, 176, 173]
[171, 171, 171]
[162, 164, 168]
[150, 155, 164]
[131, 139, 153]
[103, 113, 133]
[79, 90, 114]
[64, 73, 97]
[59, 68, 89]
[61, 68, 86]
[68, 72, 87]
[83, 88, 99]
[93, 98, 111]
[102, 111, 123]
[110, 118, 128]
[92, 101, 113]
[81, 91, 103]
[79, 87, 97]
[86, 92, 101]
[94, 99, 108]
[97, 102, 111]
[90, 97, 106]
[87, 98, 108]
[77, 90, 101]
[73, 85, 96]
[75, 82, 93]
[75, 81, 91]
[87, 91, 100]
[99, 104, 109]
[103, 108, 113]
[103, 110, 115]
[102, 108, 114]
[102, 109, 116]
[103, 110, 117]
[101, 107, 114]
[97, 102, 109]
[125, 113, 84]
[67, 59, 42]
[40, 30, 17]
[54, 40, 22]
[100, 79, 51]
[127, 104, 71]
[143, 121, 83]
[136, 117, 82]
[129, 112, 83]
[121, 104, 79]
[144, 131, 117]
[179, 169, 155]
[193, 183, 174]
[187, 181, 175]
[176, 176, 173]
[170, 172, 172]
[162, 167, 170]
[149, 157, 165]
[131, 140, 153]
[102, 114, 131]
[75, 86, 108]
[62, 72, 96]
[59, 67, 89]
[65, 71, 90]
[72, 77, 92]
[84, 89, 100]
[95, 101, 111]
[102, 111, 120]
[104, 113, 121]
[89, 98, 109]
[79, 90, 100]
[81, 88, 98]
[85, 90, 100]
[91, 93, 103]
[95, 97, 106]
[93, 97, 106]
[87, 95, 103]
[84, 94, 104]
[91, 101, 111]
[86, 94, 104]
[85, 90, 99]
[93, 98, 106]
[98, 104, 111]
[101, 105, 113]
[104, 110, 118]
[104, 109, 117]
[104, 110, 118]
[105, 112, 119]
[106, 114, 119]
[103, 109, 113]
[115, 100, 74]
[64, 53, 35]
[42, 30, 14]
[69, 54, 30]
[114, 89, 56]
[132, 109, 72]
[145, 124, 82]
[140, 123, 85]
[135, 119, 86]
[120, 103, 78]
[124, 112, 96]
[174, 164, 150]
[194, 183, 171]
[189, 182, 175]
[177, 176, 172]
[170, 173, 172]
[161, 167, 172]
[147, 158, 166]
[129, 142, 154]
[100, 113, 130]
[67, 80, 102]
[61, 72, 94]
[64, 71, 93]
[68, 74, 93]
[72, 78, 92]
[83, 88, 99]
[94, 102, 110]
[100, 112, 118]
[99, 109, 116]
[88, 99, 107]
[80, 90, 97]
[83, 90, 98]
[83, 87, 96]
[87, 90, 96]
[96, 98, 101]
[99, 102, 106]
[95, 101, 104]
[94, 102, 108]
[94, 103, 112]
[90, 100, 110]
[91, 98, 109]
[92, 98, 109]
[95, 102, 112]
[96, 103, 113]
[99, 106, 116]
[101, 106, 115]
[101, 106, 114]
[100, 106, 113]
[100, 106, 111]
[99, 105, 107]
[111, 96, 71]
[70, 56, 36]
[60, 45, 24]
[87, 68, 42]
[120, 96, 56]
[138, 114, 71]
[148, 127, 82]
[146, 130, 91]
[140, 127, 93]
[114, 101, 75]
[120, 109, 94]
[170, 161, 148]
[196, 186, 171]
[191, 184, 176]
[178, 178, 175]
[169, 174, 173]
[161, 168, 172]
[146, 158, 166]
[130, 143, 156]
[96, 108, 126]
[66, 78, 99]
[62, 72, 94]
[65, 73, 92]
[68, 74, 92]
[72, 78, 91]
[82, 88, 98]
[89, 98, 105]
[97, 108, 113]
[97, 109, 114]
[88, 100, 106]
[78, 87, 95]
[80, 87, 94]
[82, 86, 93]
[90, 91, 95]
[99, 101, 101]
[105, 108, 108]
[104, 111, 110]
[100, 108, 112]
[95, 104, 111]
[89, 98, 108]
[86, 94, 106]
[90, 95, 107]
[89, 94, 105]
[87, 92, 105]
[84, 89, 100]
[82, 86, 97]
[82, 86, 95]
[81, 87, 93]
[79, 85, 88]
[80, 86, 86]
[126, 110, 81]
[93, 75, 50]
[85, 67, 38]
[109, 87, 53]
[125, 103, 59]
[140, 119, 74]
[150, 131, 88]
[148, 134, 97]
[141, 129, 98]
[115, 102, 78]
[116, 107, 90]
[168, 161, 146]
[196, 185, 171]
[191, 184, 175]
[179, 179, 175]
[170, 174, 174]
[160, 167, 174]
[146, 156, 166]
[126, 138, 153]
[95, 106, 126]
[67, 79, 100]
[64, 75, 95]
[68, 76, 93]
[70, 76, 93]
[72, 78, 90]
[81, 87, 96]
[89, 98, 104]
[90, 102, 107]
[90, 104, 107]
[85, 97, 102]
[79, 89, 96]
[78, 84, 91]
[85, 88, 93]
[94, 96, 97]
[102, 103, 102]
[109, 113, 111]
[105, 110, 110]
[101, 108, 113]
[97, 106, 113]
[88, 98, 108]
[82, 90, 102]
[82, 87, 100]
[81, 83, 96]
[73, 74, 86]
[73, 74, 86]
[70, 72, 82]
[65, 68, 77]
[64, 69, 75]
[65, 71, 73]
[66, 72, 71]
[129, 113, 83]
[116, 98, 69]
[112, 92, 60]
[123, 101, 63]
[134, 112, 68]
[145, 126, 79]
[152, 134, 93]
[146, 133, 100]
[133, 122, 96]
[104, 92, 71]
[109, 100, 85]
[165, 157, 144]
[196, 186, 171]
[192, 185, 176]
[178, 179, 176]
[170, 174, 176]
[160, 167, 173]
[143, 153, 165]
[116, 126, 142]
[89, 99, 118]
[72, 83, 102]
[71, 81, 99]
[70, 77, 92]
[71, 76, 90]
[74, 79, 89]
[80, 87, 95]
[86, 95, 101]
[87, 100, 104]
[89, 102, 106]
[84, 97, 101]
[80, 90, 95]
[78, 84, 89]
[84, 88, 91]
[96, 99, 99]
[106, 109, 107]
[112, 115, 114]
[104, 111, 113]
[99, 108, 114]
[89, 99, 108]
[78, 86, 98]
[70, 76, 88]
[65, 67, 79]
[63, 62, 73]
[60, 60, 68]
[61, 59, 67]
[60, 59, 67]
[58, 60, 66]
[56, 61, 65]
[57, 63, 62]
[60, 66, 63]
[124, 110, 83]
[126, 110, 80]
[126, 110, 77]
[131, 113, 77]
[135, 119, 78]
[145, 128, 90]
[144, 129, 97]
[138, 127, 100]
[122, 110, 92]
[95, 81, 66]
[103, 95, 80]
[162, 156, 141]
[195, 185, 170]
[192, 186, 175]
[179, 179, 175]
[170, 173, 174]
[159, 164, 172]
[138, 145, 159]
[111, 121, 137]
[88, 98, 115]
[76, 85, 103]
[78, 86, 103]
[71, 77, 91]
[72, 77, 90]
[73, 78, 89]
[80, 87, 95]
[80, 89, 97]
[82, 93, 99]
[83, 95, 101]
[84, 95, 100]
[79, 89, 92]
[78, 84, 88]
[85, 88, 91]
[97, 99, 99]
[105, 110, 108]
[109, 115, 117]
[102, 110, 116]
[89, 99, 109]
[76, 85, 98]
[63, 70, 84]
[59, 62, 72]
[55, 54, 63]
[55, 52, 59]
[55, 52, 57]
[55, 53, 57]
[57, 57, 59]
[57, 58, 61]
[51, 55, 57]
[51, 55, 54]
[60, 63, 58]
[101, 92, 71]
[114, 105, 80]
[123, 112, 87]
[132, 118, 89]
[136, 122, 91]
[138, 124, 93]
[136, 123, 98]
[125, 112, 94]
[100, 88, 74]
[88, 75, 59]
[106, 96, 83]
[166, 159, 146]
[195, 187, 171]
[191, 186, 175]
[178, 179, 175]
[167, 171, 172]
[152, 158, 165]
[131, 139, 151]
[113, 122, 136]
[96, 103, 121]
[80, 88, 104]
[77, 84, 100]
[74, 78, 91]
[74, 77, 90]
[74, 78, 89]
[76, 81, 91]
[75, 83, 92]
[74, 84, 92]
[75, 85, 92]
[76, 85, 92]
[76, 84, 89]
[79, 85, 88]
[89, 92, 94]
[97, 100, 101]
[103, 109, 111]
[105, 112, 118]
[93, 104, 113]
[79, 86, 100]
[65, 72, 87]
[54, 58, 71]
[50, 49, 58]
[54, 50, 55]
[60, 56, 57]
[67, 62, 62]
[69, 66, 65]
[64, 64, 63]
[58, 59, 59]
[50, 53, 53]
[46, 48, 47]
[49, 50, 44]
[81, 77, 62]
[98, 91, 73]
[113, 104, 83]
[120, 109, 87]
[125, 113, 90]
[125, 113, 93]
[120, 108, 93]
[99, 87, 77]
[78, 66, 56]
[89, 74, 59]
[121, 108, 94]
[174, 165, 149]
[190, 183, 166]
[187, 183, 172]
[176, 177, 172]
[161, 165, 165]
[148, 154, 160]
[128, 136, 146]
[113, 122, 135]
[98, 106, 122]
[82, 89, 105]
[75, 80, 96]
[72, 77, 90]
[73, 77, 89]
[73, 78, 89]
[72, 78, 88]
[72, 79, 88]
[71, 78, 88]
[71, 79, 88]
[73, 79, 87]
[75, 80, 86]
[85, 88, 93]
[91, 94, 97]
[96, 100, 103]
[100, 108, 111]
[96, 106, 112]
[88, 99, 109]
[68, 76, 91]
[61, 65, 80]
[51, 51, 63]
[46, 43, 50]
[58, 53, 53]
[66, 59, 55]
[75, 70, 64]
[75, 71, 64]
[68, 68, 61]
[61, 61, 58]
[47, 50, 47]
[39, 40, 37]
[42, 40, 34]
[53, 50, 43]
[62, 57, 48]
[78, 71, 61]
[90, 83, 69]
[97, 89, 75]
[92, 81, 71]
[81, 69, 62]
[59, 48, 41]
[59, 46, 37]
[86, 72, 59]
[137, 123, 106]
[178, 168, 151]
[188, 183, 168]
[183, 181, 171]
[171, 173, 170]
[158, 164, 164]
[146, 152, 157]
[127, 134, 143]
[111, 121, 132]
[94, 103, 117]
[81, 87, 102]
[74, 79, 94]
[71, 75, 88]
[71, 75, 88]
[73, 78, 89]
[72, 78, 88]
[72, 78, 89]
[71, 77, 88]
[72, 78, 87]
[73, 78, 87]
[76, 79, 87]
[86, 87, 93]
[91, 94, 99]
[94, 100, 105]
[97, 106, 112]
[90, 100, 108]
[77, 87, 100]
[62, 69, 84]
[52, 55, 67]
[44, 44, 53]
[47, 44, 47]
[61, 55, 52]
[73, 67, 59]
[75, 71, 60]
[74, 72, 61]
[70, 69, 59]
[60, 63, 55]
[43, 44, 38]
[32, 30, 25]
[36, 32, 25]
[51, 50, 50]
[49, 47, 44]
[61, 57, 52]
[63, 57, 51]
[65, 57, 51]
[67, 55, 48]
[59, 45, 39]
[59, 44, 38]
[67, 51, 43]
[109, 93, 79]
[153, 139, 120]
[184, 174, 158]
[186, 181, 167]
[178, 177, 167]
[166, 169, 165]
[157, 162, 161]
[142, 149, 153]
[123, 132, 140]
[106, 116, 127]
[89, 99, 112]
[78, 85, 100]
[71, 78, 93]
[68, 73, 87]
[68, 74, 87]
[69, 75, 86]
[71, 77, 88]
[71, 77, 88]
[71, 77, 87]
[72, 77, 87]
[75, 77, 87]
[77, 79, 87]
[84, 86, 92]
[91, 94, 100]
[93, 100, 106]
[89, 100, 106]
[86, 96, 105]
[71, 79, 93]
[56, 62, 75]
[45, 47, 58]
[45, 43, 50]
[49, 45, 46]
[66, 59, 55]
[75, 69, 58]
[73, 71, 56]
[75, 74, 60]
[69, 70, 57]
[61, 63, 54]
[41, 42, 34]
[26, 22, 17]
[34, 28, 21]
[86, 85, 87]
[74, 71, 72]
[66, 61, 59]
[65, 58, 56]
[68, 58, 55]
[69, 56, 53]
[78, 62, 57]
[91, 73, 66]
[122, 103, 93]
[156, 138, 125]
[177, 166, 150]
[187, 175, 162]
[180, 176, 166]
[173, 172, 165]
[164, 166, 164]
[155, 160, 162]
[138, 145, 150]
[117, 126, 135]
[99, 108, 120]
[84, 93, 107]
[76, 83, 98]
[72, 78, 94]
[68, 73, 87]
[66, 72, 85]
[67, 72, 84]
[68, 73, 85]
[70, 75, 86]
[70, 75, 86]
[73, 77, 88]
[75, 77, 87]
[76, 78, 87]
[83, 86, 93]
[90, 95, 102]
[89, 97, 103]
[84, 95, 102]
[77, 87, 97]
[66, 74, 87]
[49, 54, 67]
[45, 47, 56]
[42, 38, 45]
[48, 45, 45]
[66, 61, 54]
[77, 71, 59]
[81, 76, 61]
[85, 83, 68]
[75, 75, 62]
[65, 64, 54]
[42, 41, 33]
[26, 20, 13]
[36, 29, 18]
