[129, 104, 74]
[129, 104, 74]
[130, 105, 75]
[130, 105, 75]
[130, 105, 75]
[130, 105, 75]
[130, 105, 75]
[132, 107, 77]
[134, 109, 79]
[137, 112, 82]
[139, 114, 84]
[139, 114, 84]
[137, 112, 82]
[135, 110, 80]
[134, 109, 79]
[136, 111, 81]
[135, 110, 80]
[134, 109, 79]
[134, 109, 79]
[134, 109, 79]
[134, 109, 79]
[133, 108, 78]
[132, 107, 77]
[131, 106, 76]
[131, 106, 76]
[130, 105, 75]
[129, 104, 74]
[129, 104, 74]
[129, 104, 74]
[130, 105, 75]
[130, 105, 75]
[126, 101, 71]
[126, 101, 71]
[126, 101, 71]
[126, 101, 71]
[126, 101, 71]
[126, 101, 71]
[127, 102, 72]
[127, 102, 72]
[122, 95, 65]
[123, 96, 66]
[125, 98, 68]
[127, 100, 70]
[128, 101, 71]
[127, 100, 70]
[126, 99, 69]
[125, 98, 68]
[127, 100, 70]
[127, 100, 70]
[126, 99, 69]
[125, 98, 68]
[125, 98, 68]
[126, 99, 69]
[127, 100, 70]
[127, 100, 70]
[124, 97, 67]
[125, 98, 68]
[125, 98, 68]
[125, 98, 68]
[126, 99, 69]
[126, 99, 69]
[127, 100, 70]
[127, 100, 70]
[129, 102, 72]
[129, 102, 72]
[128, 101, 71]
[127, 100, 70]
[127, 100, 70]
[128, 101, 71]
[129, 102, 72]
[129, 102, 72]
[128, 103, 73]
[129, 104, 74]
[130, 105, 75]
[131, 106, 76]
[130, 105, 75]
[129, 104, 74]
[128, 103, 73]
[127, 102, 72]
[128, 103, 73]
[129, 104, 74]
[130, 105, 75]
[130, 105, 75]
[130, 105, 75]
[132, 107, 77]
[134, 109, 79]
[137, 112, 82]
[134, 109, 78]
[135, 110, 79]
[137, 112, 81]
[138, 113, 82]
[140, 115, 85]
[140, 115, 85]
[140, 115, 85]
[140, 115, 85]
[135, 110, 80]
[134, 109, 79]
[134, 109, 79]
[133, 108, 78]
[132, 106, 79]
[128, 103, 73]
[129, 104, 74]
[129, 104, 74]
[129, 104, 74]
[129, 104, 74]
[130, 105, 75]
[130, 105, 75]
[131, 106, 76]
[133, 108, 78]
[136, 111, 81]
[139, 114, 84]
[139, 114, 84]
[137, 112, 82]
[135, 110, 80]
[133, 108, 78]
[135, 110, 80]
[135, 110, 80]
[134, 109, 79]
[134, 109, 79]
[134, 109, 79]
[134, 109, 79]
[133, 108, 78]
[133, 108, 78]
[132, 107, 77]
[131, 106, 76]
[130, 105, 75]
[129, 104, 74]
[129, 104, 74]
[129, 104, 74]
[130, 105, 75]
[130, 105, 75]
[126, 101, 71]
[126, 101, 71]
[126, 101, 71]
[126, 101, 71]
[126, 101, 71]
[126, 101, 71]
[126, 101, 71]
[126, 101, 71]
[123, 96, 66]
[124, 97, 67]
[126, 99, 69]
[127, 100, 70]
[127, 100, 70]
[127, 100, 70]
[125, 98, 68]
[124, 97, 67]
[127, 100, 70]
[126, 99, 69]
[125, 98, 68]
[125, 98, 68]
[125, 98, 68]
[125, 98, 68]
[126, 99, 69]
[127, 100, 70]
[125, 98, 68]
[125, 98, 68]
[125, 98, 68]
[126, 99, 69]
[126, 99, 69]
[126, 99, 69]
[127, 100, 70]
[127, 100, 70]
[129, 102, 72]
[129, 102, 72]
[128, 101, 71]
[128, 101, 71]
[128, 101, 71]
[128, 101, 71]
[129, 102, 72]
[129, 102, 72]
[130, 105, 75]
[130, 105, 75]
[130, 105, 75]
[130, 105, 75]
[129, 104, 74]
[129, 104, 74]
[128, 103, 73]
[127, 102, 72]
[130, 105, 75]
[131, 106, 76]
[132, 107, 77]
[132, 107, 77]
[131, 106, 76]
[132, 107, 77]
[135, 110, 80]
[137, 112, 82]
[134, 109, 78]
[135, 110, 79]
[137, 112, 81]
[138, 113, 82]
[140, 115, 85]
[140, 115, 85]
[140, 115, 85]
[140, 115, 85]
[135, 110, 80]
[135, 110, 80]
[134, 109, 79]
[134, 109, 79]
[133, 107, 80]
[127, 102, 72]
[128, 103, 73]
[128, 103, 73]
[128, 103, 73]
[129, 104, 74]
[129, 104, 74]
[129, 104, 74]
[130, 105, 75]
[132, 107, 77]
[136, 111, 81]
[139, 114, 84]
[139, 114, 84]
[137, 112, 82]
[134, 109, 79]
[132, 107, 77]
[134, 109, 79]
[134, 109, 79]
[134, 109, 79]
[134, 109, 79]
[134, 109, 79]
[133, 108, 78]
[133, 108, 78]
[133, 108, 78]
[133, 108, 78]
[132, 107, 77]
[131, 106, 76]
[130, 105, 75]
[129, 104, 74]
[129, 104, 74]
[130, 105, 75]
[131, 106, 76]
[126, 101, 71]
[126, 101, 71]
[126, 101, 71]
[126, 101, 71]
[126, 101, 71]
[126, 101, 71]
[126, 101, 71]
[126, 101, 71]
[125, 98, 68]
[126, 99, 69]
[126, 99, 69]
[127, 100, 70]
[127, 100, 70]
[126, 99, 69]
[124, 97, 67]
[124, 97, 67]
[126, 99, 69]
[125, 98, 68]
[124, 97, 67]
[124, 97, 67]
[124, 97, 67]
[124, 97, 67]
[125, 98, 68]
[126, 99, 69]
[126, 99, 69]
[126, 99, 69]
[126, 99, 69]
[126, 99, 69]
[126, 99, 69]
[127, 100, 70]
[127, 100, 70]
[127, 100, 70]
[129, 102, 72]
[129, 102, 72]
[129, 102, 72]
[129, 102, 72]
[129, 102, 72]
[129, 102, 72]
[129, 102, 72]
[129, 102, 72]
[132, 107, 77]
[131, 106, 76]
[130, 105, 75]
[129, 104, 74]
[128, 103, 73]
[128, 103, 73]
[128, 103, 73]
[128, 103, 73]
[132, 107, 77]
[133, 108, 78]
[133, 108, 78]
[133, 108, 78]
[132, 107, 77]
[132, 107, 77]
[134, 109, 79]
[136, 111, 81]
[135, 110, 79]
[136, 111, 80]
[138, 113, 82]
[139, 114, 83]
[140, 115, 85]
[140, 115, 85]
[140, 115, 85]
[140, 115, 85]
[137, 112, 82]
[137, 112, 82]
[136, 111, 81]
[135, 110, 80]
[134, 108, 81]
[126, 101, 71]
[127, 102, 72]
[127, 102, 72]
[128, 103, 73]
[128, 103, 73]
[129, 104, 74]
[129, 104, 74]
[129, 104, 74]
[131, 106, 76]
[135, 110, 80]
[138, 113, 83]
[138, 113, 83]
[136, 111, 81]
[133, 108, 78]
[130, 105, 75]
[133, 108, 78]
[134, 109, 79]
[134, 109, 79]
[134, 109, 79]
[133, 108, 78]
[132, 107, 77]
[133, 108, 78]
[134, 109, 79]
[134, 109, 79]
[133, 108, 78]
[132, 107, 77]
[130, 105, 75]
[130, 105, 75]
[130, 105, 75]
[130, 105, 75]
[131, 106, 76]
[127, 102, 72]
[127, 102, 72]
[127, 102, 72]
[126, 101, 71]
[126, 101, 71]
[126, 101, 71]
[126, 101, 71]
[126, 101, 71]
[127, 100, 70]
[127, 100, 70]
[127, 100, 70]
[126, 99, 69]
[126, 99, 69]
[125, 98, 68]
[124, 97, 67]
[124, 97, 67]
[125, 98, 68]
[124, 97, 67]
[124, 97, 67]
[123, 96, 66]
[123, 96, 66]
[124, 97, 67]
[124, 97, 67]
[125, 98, 68]
[126, 99, 69]
[126, 99, 69]
[126, 99, 69]
[126, 99, 69]
[127, 100, 70]
[127, 100, 70]
[127, 100, 70]
[127, 100, 70]
[128, 101, 71]
[129, 102, 72]
[129, 102, 72]
[130, 103, 73]
[130, 103, 73]
[129, 102, 72]
[129, 102, 72]
[128, 101, 71]
[133, 108, 78]
[132, 107, 77]
[130, 105, 75]
[128, 103, 73]
[128, 103, 73]
[128, 103, 73]
[128, 103, 73]
[129, 104, 74]
[132, 107, 77]
[133, 108, 78]
[133, 108, 78]
[132, 107, 77]
[131, 106, 76]
[131, 106, 76]
[133, 108, 78]
[135, 110, 80]
[138, 113, 82]
[139, 114, 83]
[141, 116, 85]
[142, 117, 86]
[142, 117, 87]
[142, 117, 87]
[142, 117, 87]
[141, 116, 86]
[141, 116, 86]
[140, 115, 85]
[139, 114, 84]
[137, 112, 82]
[134, 108, 81]
[125, 100, 70]
[126, 101, 71]
[127, 102, 72]
[127, 102, 72]
[128, 103, 73]
[129, 104, 74]
[129, 104, 74]
[128, 103, 73]
[131, 106, 76]
[134, 109, 79]
[136, 111, 81]
[136, 111, 81]
[135, 110, 80]
[132, 107, 77]
[130, 105, 75]
[131, 106, 76]
[133, 108, 78]
[135, 110, 80]
[134, 109, 79]
[132, 107, 77]
[132, 107, 77]
[133, 108, 78]
[135, 110, 80]
[135, 110, 80]
[134, 109, 79]
[132, 107, 77]
[131, 106, 76]
[130, 105, 75]
[130, 105, 75]
[131, 106, 76]
[131, 106, 76]
[127, 102, 72]
[127, 102, 72]
[127, 102, 72]
[126, 101, 71]
[126, 101, 71]
[126, 101, 71]
[125, 100, 70]
[125, 100, 70]
[126, 101, 70]
[126, 102, 68]
[125, 101, 67]
[124, 100, 66]
[124, 100, 66]
[123, 99, 65]
[123, 99, 65]
[123, 99, 65]
[124, 100, 66]
[123, 99, 65]
[122, 98, 64]
[121, 97, 63]
[121, 97, 63]
[122, 98, 64]
[123, 99, 65]
[124, 100, 66]
[125, 101, 67]
[125, 101, 67]
[125, 101, 67]
[125, 101, 67]
[125, 101, 67]
[125, 101, 67]
[125, 101, 67]
[125, 101, 67]
[126, 102, 68]
[127, 103, 69]
[128, 104, 70]
[129, 105, 71]
[129, 105, 71]
[128, 104, 70]
[127, 103, 69]
[126, 101, 70]
[133, 108, 78]
[131, 106, 76]
[130, 105, 75]
[129, 104, 74]
[128, 103, 73]
[129, 104, 74]
[130, 105, 75]
[130, 105, 75]
[131, 106, 76]
[131, 106, 76]
[131, 106, 76]
[130, 105, 75]
[129, 104, 74]
[129, 104, 74]
[131, 106, 76]
[133, 108, 78]
[141, 116, 85]
[142, 117, 86]
[143, 118, 87]
[144, 119, 88]
[144, 119, 89]
[144, 119, 89]
[143, 118, 88]
[142, 117, 87]
[144, 119, 89]
[143, 118, 88]
[141, 116, 86]
[138, 113, 83]
[135, 109, 82]
[125, 100, 70]
[126, 101, 71]
[127, 102, 72]
[128, 103, 73]
[129, 104, 74]
[129, 104, 74]
[130, 105, 75]
[129, 104, 74]
[130, 105, 75]
[132, 107, 77]
[133, 108, 78]
[134, 109, 79]
[133, 108, 78]
[132, 107, 77]
[131, 106, 76]
[130, 105, 75]
[133, 108, 78]
[135, 110, 80]
[134, 109, 79]
[132, 107, 77]
[131, 106, 76]
[133, 108, 78]
[135, 110, 80]
[136, 111, 81]
[135, 110, 80]
[133, 108, 78]
[132, 107, 77]
[131, 106, 76]
[131, 106, 76]
[131, 106, 76]
[131, 106, 76]
[128, 103, 73]
[128, 103, 73]
[127, 102, 72]
[127, 102, 72]
[126, 101, 71]
[125, 100, 70]
[125, 100, 70]
[125, 100, 69]
[126, 102, 68]
[126, 102, 68]
[124, 100, 66]
[123, 99, 65]
[123, 99, 65]
[124, 100, 66]
[124, 100, 66]
[125, 101, 67]
[124, 100, 66]
[123, 99, 65]
[122, 98, 64]
[122, 98, 64]
[122, 98, 64]
[122, 98, 64]
[123, 99, 65]
[124, 100, 66]
[125, 101, 67]
[125, 101, 67]
[125, 101, 67]
[124, 100, 66]
[124, 100, 66]
[124, 100, 66]
[124, 100, 66]
[124, 100, 66]
[125, 101, 67]
[126, 102, 68]
[128, 104, 70]
[129, 105, 71]
[129, 105, 71]
[128, 104, 70]
[126, 102, 68]
[125, 101, 67]
[130, 105, 74]
[130, 105, 75]
[130, 105, 75]
[129, 104, 74]
[130, 105, 75]
[130, 105, 75]
[131, 106, 76]
[132, 107, 77]
[129, 104, 74]
[130, 105, 75]
[130, 105, 75]
[129, 104, 74]
[128, 103, 73]
[129, 104, 74]
[131, 106, 76]
[133, 108, 78]
[142, 117, 86]
[143, 118, 87]
[144, 119, 88]
[144, 119, 88]
[144, 119, 89]
[143, 118, 88]
[142, 117, 87]
[141, 116, 86]
[143, 118, 88]
[142, 117, 87]
[140, 115, 85]
[138, 113, 83]
[135, 109, 82]
[125, 100, 70]
[126, 101, 71]
[127, 102, 72]
[128, 103, 73]
[129, 104, 74]
[130, 105, 75]
[130, 105, 75]
[130, 105, 75]
[130, 105, 75]
[131, 106, 76]
[131, 106, 76]
[131, 106, 76]
[132, 107, 77]
[132, 107, 77]
[132, 107, 77]
[129, 104, 74]
[132, 107, 77]
[135, 110, 80]
[134, 109, 79]
[131, 106, 76]
[130, 105, 75]
[133, 108, 78]
[136, 111, 81]
[137, 112, 82]
[136, 111, 81]
[134, 109, 79]
[132, 107, 77]
[131, 106, 76]
[131, 106, 76]
[131, 106, 76]
[131, 106, 76]
[128, 103, 73]
[128, 103, 73]
[127, 102, 72]
[127, 102, 72]
[126, 101, 71]
[125, 100, 70]
[125, 100, 70]
[124, 99, 69]
[126, 101, 70]
[125, 101, 67]
[123, 99, 65]
[123, 99, 65]
[123, 99, 65]
[124, 100, 66]
[126, 102, 68]
[127, 103, 69]
[124, 100, 66]
[124, 100, 66]
[123, 99, 65]
[122, 98, 64]
[122, 98, 64]
[123, 99, 65]
[124, 100, 66]
[124, 100, 66]
[124, 100, 66]
[124, 100, 66]
[124, 100, 66]
[124, 100, 66]
[123, 99, 65]
[123, 99, 65]
[123, 99, 65]
[122, 98, 64]
[123, 99, 65]
[125, 101, 67]
[127, 103, 69]
[129, 105, 71]
[129, 105, 71]
[127, 103, 69]
[125, 101, 67]
[123, 98, 67]
[127, 102, 72]
[128, 103, 73]
[129, 104, 74]
[131, 106, 76]
[132, 107, 77]
[132, 107, 77]
[133, 108, 78]
[133, 108, 78]
[128, 103, 73]
[129, 104, 74]
[130, 105, 75]
[130, 105, 75]
[129, 104, 74]
[130, 105, 75]
[133, 108, 78]
[135, 110, 80]
[141, 116, 85]
[142, 117, 86]
[142, 117, 86]
[143, 118, 87]
[142, 117, 87]
[141, 116, 86]
[140, 115, 85]
[139, 114, 84]
[139, 114, 84]
[138, 113, 83]
[138, 113, 83]
[137, 112, 82]
[136, 110, 83]
[125, 100, 70]
[126, 101, 71]
[127, 102, 72]
[129, 104, 74]
[130, 105, 75]
[130, 105, 75]
[131, 106, 76]
[131, 106, 76]
[130, 105, 75]
[130, 105, 75]
[129, 104, 74]
[130, 105, 75]
[131, 106, 76]
[132, 107, 77]
[133, 108, 78]
[129, 104, 74]
[132, 107, 77]
[135, 110, 80]
[134, 109, 79]
[131, 106, 76]
[130, 105, 75]
[133, 108, 78]
[136, 111, 81]
[137, 112, 82]
[136, 111, 81]
[134, 109, 79]
[133, 108, 78]
[131, 106, 76]
[131, 106, 76]
[131, 106, 76]
[131, 106, 76]
[128, 103, 73]
[128, 103, 73]
[127, 102, 72]
[127, 102, 72]
[126, 101, 71]
[125, 100, 70]
[124, 99, 69]
[124, 99, 69]
[125, 100, 69]
[124, 100, 66]
[123, 99, 65]
[122, 98, 64]
[123, 99, 65]
[125, 101, 67]
[127, 103, 69]
[128, 104, 70]
[125, 101, 67]
[124, 100, 66]
[123, 99, 65]
[122, 98, 64]
[122, 98, 64]
[123, 99, 65]
[124, 100, 66]
[125, 101, 67]
[124, 100, 66]
[124, 100, 66]
[124, 100, 66]
[123, 99, 65]
[123, 99, 65]
[122, 98, 64]
[122, 98, 64]
[122, 98, 64]
[122, 98, 64]
[124, 100, 66]
[127, 103, 69]
[129, 105, 71]
[129, 105, 71]
[127, 103, 69]
[124, 100, 66]
[122, 97, 66]
[125, 100, 70]
[127, 102, 72]
[129, 104, 74]
[131, 106, 76]
[133, 108, 78]
[133, 108, 78]
[133, 108, 78]
[133, 108, 78]
[128, 103, 73]
[130, 105, 75]
[131, 106, 76]
[131, 106, 76]
[130, 105, 75]
[132, 107, 77]
[135, 110, 80]
[137, 112, 82]
[140, 115, 84]
[140, 115, 84]
[141, 116, 85]
[141, 116, 85]
[140, 115, 85]
[139, 114, 84]
[138, 113, 83]
[137, 112, 82]
[134, 109, 79]
[135, 110, 80]
[135, 110, 80]
[136, 111, 81]
[136, 110, 83]
[125, 100, 70]
[126, 101, 71]
[126, 101, 71]
[126, 101, 71]
[127, 102, 72]
[127, 102, 72]
[127, 102, 72]
[131, 106, 76]
[130, 105, 75]
[130, 105, 75]
[132, 107, 77]
[133, 108, 78]
[133, 108, 78]
[132, 107, 77]
[130, 105, 75]
[128, 103, 73]
[130, 105, 75]
[132, 107, 77]
[132, 107, 77]
[132, 107, 77]
[133, 108, 78]
[135, 110, 80]
[136, 111, 81]
[138, 113, 83]
[137, 112, 82]
[135, 110, 80]
[133, 108, 78]
[132, 107, 77]
[132, 107, 77]
[132, 107, 77]
[133, 108, 78]
[128, 103, 73]
[127, 102, 72]
[126, 101, 71]
[125, 100, 70]
[123, 98, 68]
[121, 96, 66]
[120, 95, 65]
[120, 95, 65]
[118, 93, 62]
[120, 95, 64]
[121, 96, 65]
[121, 96, 65]
[120, 95, 64]
[121, 96, 65]
[122, 97, 66]
[123, 98, 67]
[126, 101, 70]
[126, 101, 70]
[125, 100, 69]
[125, 100, 69]
[124, 99, 68]
[123, 98, 67]
[123, 98, 67]
[123, 98, 67]
[124, 99, 68]
[126, 101, 70]
[127, 102, 71]
[126, 101, 70]
[123, 98, 67]
[122, 97, 66]
[123, 98, 67]
[125, 100, 69]
[126, 101, 70]
[124, 99, 68]
[123, 98, 67]
[125, 100, 69]
[129, 104, 73]
[130, 105, 74]
[130, 105, 74]
[128, 103, 72]
[124, 99, 69]
[127, 102, 72]
[128, 103, 73]
[128, 103, 73]
[130, 105, 75]
[133, 108, 78]
[134, 109, 79]
[133, 108, 78]
[131, 106, 76]
[132, 107, 77]
[132, 107, 77]
[133, 108, 78]
[134, 109, 79]
[134, 109, 79]
[135, 110, 80]
[135, 110, 80]
[139, 114, 83]
[139, 114, 83]
[140, 115, 84]
[139, 114, 83]
[138, 113, 83]
[137, 112, 82]
[135, 110, 80]
[134, 109, 79]
[136, 111, 81]
[133, 108, 78]
[130, 105, 75]
[129, 104, 74]
[131, 105, 78]
[125, 100, 70]
[126, 101, 71]
[126, 101, 71]
[126, 101, 71]
[127, 102, 72]
[127, 102, 72]
[127, 102, 72]
[130, 105, 75]
[129, 104, 74]
[130, 105, 75]
[131, 106, 76]
[133, 108, 78]
[133, 108, 78]
[131, 106, 76]
[129, 104, 74]
[130, 105, 75]
[132, 107, 77]
[134, 109, 79]
[134, 109, 79]
[134, 109, 79]
[134, 109, 79]
[136, 111, 81]
[138, 113, 83]
[137, 112, 82]
[136, 111, 81]
[135, 110, 80]
[133, 108, 78]
[132, 107, 77]
[132, 107, 77]
[132, 107, 77]
[132, 107, 77]
[128, 103, 73]
[128, 103, 73]
[127, 102, 72]
[126, 101, 71]
[124, 99, 69]
[123, 98, 68]
[122, 97, 67]
[122, 97, 67]
[120, 95, 64]
[122, 97, 66]
[123, 98, 67]
[123, 98, 67]
[122, 97, 66]
[121, 96, 65]
[122, 97, 66]
[124, 99, 68]
[125, 100, 69]
[125, 100, 69]
[125, 100, 69]
[124, 99, 68]
[123, 98, 67]
[123, 98, 67]
[122, 97, 66]
[122, 97, 66]
[123, 98, 67]
[125, 100, 69]
[126, 101, 70]
[125, 100, 69]
[123, 98, 67]
[122, 97, 66]
[123, 98, 67]
[124, 99, 68]
[126, 101, 70]
[124, 99, 68]
[124, 99, 68]
[126, 101, 70]
[129, 104, 73]
[130, 105, 74]
[130, 105, 74]
[128, 103, 72]
[125, 100, 70]
[128, 103, 73]
[129, 104, 74]
[128, 103, 73]
[129, 104, 74]
[132, 107, 77]
[133, 108, 78]
[132, 107, 77]
[131, 106, 76]
[131, 106, 76]
[132, 107, 77]
[132, 107, 77]
[133, 108, 78]
[134, 109, 79]
[134, 109, 79]
[134, 109, 79]
[138, 113, 82]
[139, 114, 83]
[139, 114, 83]
[139, 114, 83]
[139, 114, 84]
[138, 113, 83]
[136, 111, 81]
[135, 110, 80]
[136, 111, 81]
[134, 109, 79]
[131, 106, 76]
[130, 105, 75]
[132, 106, 79]
[125, 100, 70]
[125, 100, 70]
[126, 101, 71]
[126, 101, 71]
[126, 101, 71]
[127, 102, 72]
[127, 102, 72]
[128, 103, 73]
[128, 103, 73]
[128, 103, 73]
[130, 105, 75]
[132, 107, 77]
[132, 107, 77]
[130, 105, 75]
[128, 103, 73]
[132, 107, 77]
[133, 108, 78]
[135, 110, 80]
[135, 110, 80]
[135, 110, 80]
[135, 110, 80]
[137, 112, 82]
[139, 114, 84]
[136, 111, 81]
[135, 110, 80]
[134, 109, 79]
[133, 108, 78]
[132, 107, 77]
[131, 106, 76]
[131, 106, 76]
[131, 106, 76]
[128, 103, 73]
[128, 103, 73]
[128, 103, 73]
[127, 102, 72]
[126, 101, 71]
[125, 100, 70]
[125, 100, 70]
[125, 100, 70]
[123, 98, 67]
[124, 99, 68]
[125, 100, 69]
[124, 99, 68]
[122, 97, 66]
[121, 96, 65]
[122, 97, 66]
[123, 98, 67]
[124, 99, 68]
[124, 99, 68]
[123, 98, 67]
[123, 98, 67]
[122, 97, 66]
[122, 97, 66]
[121, 96, 65]
[121, 96, 65]
[123, 98, 67]
[124, 99, 68]
[124, 99, 68]
[124, 99, 68]
[122, 97, 66]
[121, 96, 65]
[122, 97, 66]
[123, 98, 67]
[125, 100, 69]
[124, 99, 68]
[124, 99, 68]
[125, 100, 69]
[128, 103, 72]
[129, 104, 73]
[129, 104, 73]
[128, 103, 72]
[127, 102, 72]
[129, 104, 74]
[129, 104, 74]
[127, 102, 72]
[128, 103, 73]
[131, 106, 76]
[132, 107, 77]
[130, 105, 75]
[130, 105, 75]
[131, 106, 76]
[131, 106, 76]
[132, 107, 77]
[132, 107, 77]
[133, 108, 78]
[134, 109, 79]
[134, 109, 79]
[138, 113, 82]
[138, 113, 82]
[139, 114, 83]
[140, 115, 84]
[140, 115, 85]
[139, 114, 84]
[138, 113, 83]
[137, 112, 82]
[137, 112, 82]
[135, 110, 80]
[133, 108, 78]
[132, 107, 77]
[133, 107, 80]
[125, 100, 70]
[125, 100, 70]
[125, 100, 70]
[126, 101, 71]
[126, 101, 71]
[126, 101, 71]
[126, 101, 71]
[127, 102, 72]
[126, 101, 71]
[127, 102, 72]
[129, 104, 74]
[131, 106, 76]
[131, 106, 76]
[129, 104, 74]
[128, 103, 73]
[132, 107, 77]
[134, 109, 79]
[135, 110, 80]
[135, 110, 80]
[135, 110, 80]
[135, 110, 80]
[136, 111, 81]
[138, 113, 83]
[135, 110, 80]
[135, 110, 80]
[134, 109, 79]
[133, 108, 78]
[132, 107, 77]
[131, 106, 76]
[130, 105, 75]
[130, 105, 75]
[129, 104, 74]
[129, 104, 74]
[128, 103, 73]
[128, 103, 73]
[128, 103, 73]
[127, 102, 72]
[127, 102, 72]
[127, 102, 72]
[123, 98, 67]
[124, 99, 68]
[125, 100, 69]
[124, 99, 68]
[122, 97, 66]
[120, 95, 64]
[121, 96, 65]
[122, 97, 66]
[123, 98, 67]
[123, 98, 67]
[122, 97, 66]
[122, 97, 66]
[121, 96, 65]
[120, 95, 64]
[120, 95, 64]
[120, 95, 64]
[123, 98, 67]
[123, 98, 67]
[123, 98, 67]
[123, 98, 67]
[122, 97, 66]
[121, 96, 65]
[121, 96, 65]
[122, 97, 66]
[123, 98, 67]
[122, 97, 66]
[123, 98, 67]
[124, 99, 68]
[125, 100, 69]
[126, 101, 70]
[126, 101, 70]
[126, 101, 70]
[128, 103, 73]
[129, 104, 74]
[129, 104, 74]
[126, 101, 71]
[127, 102, 72]
[129, 104, 74]
[130, 105, 75]
[129, 104, 74]
[130, 105, 75]
[130, 105, 75]
[131, 106, 76]
[131, 106, 76]
[132, 107, 77]
[133, 108, 78]
[133, 108, 78]
[133, 108, 78]
[137, 112, 81]
[138, 113, 82]
[139, 114, 83]
[140, 115, 84]
[140, 115, 85]
[139, 114, 84]
[139, 114, 84]
[138, 113, 83]
[137, 112, 82]
[136, 111, 81]
[135, 110, 80]
[134, 109, 79]
[133, 107, 80]
[124, 99, 69]
[125, 100, 70]
[125, 100, 70]
[125, 100, 70]
[126, 101, 71]
[126, 101, 71]
[126, 101, 71]
[126, 101, 71]
[125, 100, 70]
[126, 101, 71]
[128, 103, 73]
[130, 105, 75]
[131, 106, 76]
[129, 104, 74]
[128, 103, 73]
[131, 106, 76]
[132, 107, 77]
[134, 109, 79]
[134, 109, 79]
[133, 108, 78]
[133, 108, 78]
[134, 109, 79]
[136, 111, 81]
[135, 110, 80]
[135, 110, 80]
[134, 109, 79]
[133, 108, 78]
[132, 107, 77]
[131, 106, 76]
[130, 105, 75]
[130, 105, 75]
[129, 104, 74]
[129, 104, 74]
[129, 104, 74]
[128, 103, 73]
[128, 103, 73]
[127, 102, 72]
[127, 102, 72]
[127, 102, 72]
[122, 97, 67]
[123, 98, 68]
[123, 98, 68]
[122, 97, 67]
[120, 95, 65]
[119, 94, 64]
[120, 95, 65]
[121, 96, 66]
[122, 97, 67]
[122, 97, 67]
[122, 97, 67]
[121, 96, 66]
[120, 95, 65]
[120, 95, 65]
[119, 94, 64]
[119, 94, 64]
[123, 98, 68]
[122, 97, 67]
[122, 97, 67]
[122, 97, 67]
[122, 97, 67]
[122, 97, 67]
[121, 96, 66]
[121, 96, 66]
[120, 95, 65]
[120, 95, 65]
[121, 96, 66]
[121, 96, 66]
[122, 97, 67]
[122, 97, 67]
[123, 98, 68]
[123, 98, 68]
[128, 103, 73]
[129, 104, 74]
[128, 103, 73]
[125, 100, 70]
[125, 100, 70]
[128, 103, 73]
[129, 104, 74]
[128, 103, 73]
[130, 105, 75]
[130, 105, 75]
[131, 106, 76]
[131, 106, 76]
[132, 107, 77]
[133, 108, 78]
[133, 108, 78]
[133, 108, 78]
[136, 111, 80]
[137, 112, 81]
[138, 113, 82]
[139, 114, 83]
[140, 115, 85]
[139, 114, 84]
[138, 113, 83]
[138, 113, 83]
[136, 111, 81]
[137, 112, 82]
[136, 111, 81]
[135, 110, 80]
[134, 108, 81]
[124, 99, 69]
[124, 99, 69]
[125, 100, 70]
[125, 100, 70]
[125, 100, 70]
[126, 101, 71]
[126, 101, 71]
[125, 100, 70]
[125, 100, 70]
[125, 100, 70]
[128, 103, 73]
[130, 105, 75]
[131, 106, 76]
[129, 104, 74]
[128, 103, 73]
[130, 105, 75]
[131, 106, 76]
[132, 107, 77]
[132, 107, 77]
[131, 106, 76]
[131, 106, 76]
[133, 108, 78]
[134, 109, 79]
[135, 110, 80]
[135, 110, 80]
[135, 110, 80]
[134, 109, 79]
[133, 108, 78]
[132, 107, 77]
[130, 105, 75]
[130, 105, 75]
[129, 104, 74]
[129, 104, 74]
[129, 104, 74]
[128, 103, 73]
[127, 102, 72]
[126, 101, 71]
[126, 101, 71]
[125, 100, 70]
[120, 95, 65]
[121, 96, 66]
[122, 97, 67]
[121, 96, 66]
[120, 95, 65]
[119, 94, 64]
[120, 95, 65]
[121, 96, 66]
[122, 97, 67]
[122, 97, 67]
[122, 97, 67]
[121, 96, 66]
[120, 95, 65]
[120, 95, 65]
[119, 94, 64]
[119, 94, 64]
[124, 99, 69]
[122, 97, 67]
[121, 96, 66]
[121, 96, 66]
[122, 97, 67]
[123, 98, 68]
[121, 96, 66]
[120, 95, 65]
[118, 93, 63]
[119, 94, 64]
[121, 96, 66]
[121, 96, 66]
[120, 95, 65]
[120, 95, 65]
[121, 96, 66]
[122, 97, 67]
[128, 103, 73]
[128, 103, 73]
[127, 102, 72]
[124, 99, 69]
[124, 99, 69]
[127, 102, 72]
[129, 104, 74]
[128, 103, 73]
[130, 105, 75]
[131, 106, 76]
[131, 106, 76]
[132, 107, 77]
[132, 107, 77]
[133, 108, 78]
[134, 109, 79]
[134, 109, 79]
[137, 112, 81]
[137, 112, 81]
[138, 113, 82]
[139, 114, 83]
[139, 114, 84]
[138, 113, 83]
[137, 112, 82]
[136, 111, 81]
[136, 111, 81]
[137, 112, 82]
[137, 112, 82]
[136, 111, 81]
[134, 108, 81]
[124, 99, 69]
[124, 99, 69]
[124, 99, 69]
[125, 100, 70]
[125, 100, 70]
[125, 100, 70]
[126, 101, 71]
[125, 100, 70]
[125, 100, 70]
[125, 100, 70]
[128, 103, 73]
[130, 105, 75]
[131, 106, 76]
[130, 105, 75]
[128, 103, 73]
[130, 105, 75]
[132, 107, 77]
[133, 108, 78]
[132, 107, 77]
[131, 106, 76]
[131, 106, 76]
[132, 107, 77]
[134, 109, 79]
[135, 110, 80]
[135, 110, 80]
[136, 111, 81]
[135, 110, 80]
[134, 109, 79]
[133, 108, 78]
[131, 106, 76]
[130, 105, 75]
[130, 105, 75]
[129, 104, 74]
[128, 103, 73]
[127, 102, 72]
[126, 101, 71]
[124, 99, 69]
[124, 99, 69]
[123, 98, 68]
[120, 95, 65]
[121, 96, 66]
[122, 97, 67]
[122, 97, 67]
[121, 96, 66]
[121, 96, 66]
[122, 97, 67]
[123, 98, 68]
[122, 97, 67]
[122, 97, 67]
[122, 97, 67]
[121, 96, 66]
[120, 95, 65]
[120, 95, 65]
[119, 94, 64]
[119, 94, 64]
[125, 100, 70]
[123, 98, 68]
[121, 96, 66]
[122, 97, 67]
[123, 98, 68]
[123, 98, 68]
[122, 97, 67]
[120, 95, 65]
[119, 94, 64]
[120, 95, 65]
[122, 97, 67]
[122, 97, 67]
[120, 95, 65]
[120, 95, 65]
[121, 96, 66]
[123, 98, 68]
[126, 101, 71]
[127, 102, 72]
[126, 101, 71]
[123, 98, 68]
[123, 98, 68]
[127, 102, 72]
[130, 105, 75]
[129, 104, 74]
[131, 106, 76]
[131, 106, 76]
[132, 107, 77]
[132, 107, 77]
[133, 108, 78]
[134, 109, 79]
[134, 109, 79]
[134, 109, 79]
[137, 112, 81]
[137, 112, 81]
[138, 113, 82]
[138, 113, 82]
[137, 112, 82]
[136, 111, 81]
[135, 110, 80]
[134, 109, 79]
[135, 110, 80]
[137, 112, 82]
[138, 113, 83]
[136, 111, 81]
[133, 107, 80]
[124, 99, 69]
[124, 99, 69]
[124, 99, 69]
[125, 100, 70]
[125, 100, 70]
[125, 100, 70]
[125, 100, 70]
[125, 100, 70]
[125, 100, 70]
[126, 101, 71]
[128, 103, 73]
[130, 105, 75]
[131, 106, 76]
[130, 105, 75]
[129, 104, 74]
[131, 106, 76]
[132, 107, 77]
[134, 109, 79]
[133, 108, 78]
[132, 107, 77]
[132, 107, 77]
[133, 108, 78]
[134, 109, 79]
[135, 110, 80]
[136, 111, 81]
[136, 111, 81]
[136, 111, 81]
[135, 110, 80]
[133, 108, 78]
[131, 106, 76]
[130, 105, 75]
[130, 105, 75]
[129, 104, 74]
[128, 103, 73]
[126, 101, 71]
[125, 100, 70]
[123, 98, 68]
[122, 97, 67]
[121, 96, 66]
[120, 95, 65]
[122, 97, 67]
[123, 98, 68]
[123, 98, 68]
[123, 98, 68]
[123, 98, 68]
[124, 99, 69]
[126, 101, 71]
[123, 98, 68]
[122, 97, 67]
[122, 97, 67]
[121, 96, 66]
[121, 96, 66]
[120, 95, 65]
[119, 94, 64]
[119, 94, 64]
[125, 100, 70]
[123, 98, 68]
[121, 96, 66]
[122, 97, 67]
[124, 99, 69]
[124, 99, 69]
[122, 97, 67]
[120, 95, 65]
[120, 95, 65]
[122, 97, 67]
[124, 99, 69]
[123, 98, 68]
[121, 96, 66]
[120, 95, 65]
[122, 97, 67]
[124, 99, 69]
[126, 101, 71]
[127, 102, 72]
[125, 100, 70]
[122, 97, 67]
[123, 98, 68]
[127, 102, 72]
[130, 105, 75]
[130, 105, 75]
[131, 106, 76]
[132, 107, 77]
[132, 107, 77]
[133, 108, 78]
[134, 109, 79]
[134, 109, 79]
[135, 110, 80]
[135, 110, 80]
[137, 112, 81]
[138, 113, 82]
[138, 113, 82]
[138, 113, 82]
[137, 112, 82]
[135, 110, 80]
[133, 108, 78]
[132, 107, 77]
[134, 109, 79]
[136, 111, 81]
[138, 113, 83]
[137, 112, 82]
[133, 107, 80]
[124, 99, 69]
[124, 99, 69]
[124, 99, 69]
[125, 100, 70]
[125, 100, 70]
[125, 100, 70]
[125, 100, 70]
[123, 98, 68]
[124, 99, 69]
[124, 99, 69]
[125, 100, 70]
[126, 101, 71]
[127, 102, 72]
[127, 102, 72]
[127, 102, 72]
[129, 104, 74]
[130, 105, 75]
[130, 105, 75]
[131, 106, 76]
[132, 107, 77]
[133, 108, 78]
[133, 108, 78]
[134, 109, 79]
[135, 110, 80]
[135, 110, 80]
[135, 110, 80]
[135, 110, 80]
[134, 109, 79]
[132, 107, 77]
[130, 105, 75]
[129, 104, 74]
[130, 105, 75]
[130, 105, 75]
[128, 103, 73]
[127, 102, 72]
[125, 100, 70]
[124, 99, 69]
[123, 98, 68]
[122, 97, 67]
[122, 97, 67]
[122, 97, 67]
[122, 97, 67]
[122, 97, 67]
[122, 97, 67]
[122, 97, 67]
[122, 97, 67]
[122, 97, 67]
[118, 93, 63]
[119, 94, 64]
[121, 96, 66]
[120, 95, 65]
[120, 95, 65]
[120, 95, 65]
[121, 96, 66]
[122, 97, 67]
[120, 95, 65]
[122, 97, 67]
[123, 98, 68]
[122, 97, 67]
[120, 95, 65]
[119, 94, 64]
[120, 95, 65]
[122, 97, 67]
[119, 94, 64]
[120, 95, 65]
[121, 96, 66]
[122, 97, 67]
[122, 97, 67]
[122, 97, 67]
[121, 96, 66]
[121, 96, 66]
[125, 100, 70]
[124, 99, 69]
[125, 100, 70]
[125, 100, 70]
[127, 102, 72]
[129, 104, 74]
[131, 106, 76]
[132, 107, 77]
[131, 106, 76]
[128, 103, 73]
[127, 102, 72]
[128, 103, 73]
[133, 108, 78]
[137, 112, 82]
[138, 113, 83]
[138, 113, 83]
[138, 113, 82]
[137, 112, 81]
[136, 111, 80]
[134, 109, 78]
[134, 109, 79]
[135, 110, 80]
[136, 111, 81]
[137, 112, 82]
[136, 111, 81]
[138, 113, 83]
[138, 113, 83]
[134, 109, 79]
[132, 106, 79]
[123, 98, 68]
[123, 98, 68]
[124, 99, 69]
[124, 99, 69]
[124, 99, 69]
[125, 100, 70]
[125, 100, 70]
[123, 98, 68]
[123, 98, 68]
[124, 99, 69]
[124, 99, 69]
[125, 100, 70]
[126, 101, 71]
[126, 101, 71]
[127, 102, 72]
[129, 104, 74]
[129, 104, 74]
[130, 105, 75]
[131, 106, 76]
[132, 107, 77]
[133, 108, 78]
[133, 108, 78]
[134, 109, 79]
[136, 111, 81]
[136, 111, 81]
[136, 111, 81]
[136, 111, 81]
[134, 109, 79]
[133, 108, 78]
[131, 106, 76]
[130, 105, 75]
[130, 105, 75]
[130, 105, 75]
[129, 104, 74]
[127, 102, 72]
[125, 100, 70]
[124, 99, 69]
[123, 98, 68]
[122, 97, 67]
[121, 96, 66]
[121, 96, 66]
[121, 96, 66]
[121, 96, 66]
[121, 96, 66]
[121, 96, 66]
[121, 96, 66]
[121, 96, 66]
[118, 93, 63]
[119, 94, 64]
[120, 95, 65]
[120, 95, 65]
[119, 94, 64]
[119, 94, 64]
[120, 95, 65]
[122, 97, 67]
[120, 95, 65]
[122, 97, 67]
[123, 98, 68]
[122, 97, 67]
[120, 95, 65]
[119, 94, 64]
[120, 95, 65]
[121, 96, 66]
[119, 94, 64]
[120, 95, 65]
[121, 96, 66]
[122, 97, 67]
[122, 97, 67]
[122, 97, 67]
[121, 96, 66]
[121, 96, 66]
[124, 99, 69]
[124, 99, 69]
[124, 99, 69]
[124, 99, 69]
[125, 100, 70]
[127, 102, 72]
[129, 104, 74]
[130, 105, 75]
[131, 106, 76]
[129, 104, 74]
[128, 103, 73]
[129, 104, 74]
[133, 108, 78]
[137, 112, 82]
[139, 114, 84]
[139, 114, 84]
[137, 112, 81]
[137, 112, 81]
[136, 111, 80]
[135, 110, 79]
[135, 110, 80]
[135, 110, 80]
[136, 111, 81]
[136, 111, 81]
[134, 109, 79]
[136, 111, 81]
[136, 111, 81]
[132, 107, 77]
[130, 104, 77]
[123, 98, 68]
[123, 98, 68]
[123, 98, 68]
[123, 98, 68]
[124, 99, 69]
[124, 99, 69]
[124, 99, 69]
[123, 98, 68]
[123, 98, 68]
[123, 98, 68]
[124, 99, 69]
[124, 99, 69]
[125, 100, 70]
[126, 101, 71]
[126, 101, 71]
[128, 103, 73]
[129, 104, 74]
[130, 105, 75]
[131, 106, 76]
[132, 107, 77]
[133, 108, 78]
[133, 108, 78]
[134, 109, 79]
[135, 110, 80]
[136, 111, 81]
[136, 111, 81]
[136, 111, 81]
[135, 110, 80]
[133, 108, 78]
[132, 107, 77]
[131, 106, 76]
[131, 106, 76]
[130, 105, 75]
[129, 104, 74]
[127, 102, 72]
[125, 100, 70]
[124, 99, 69]
[122, 97, 67]
[122, 97, 67]
[120, 95, 65]
[120, 95, 65]
[120, 95, 65]
[120, 95, 65]
[120, 95, 65]
[120, 95, 65]
[120, 95, 65]
[120, 95, 65]
[117, 92, 62]
[119, 94, 64]
[120, 95, 65]
[119, 94, 64]
[118, 93, 63]
[118, 93, 63]
[119, 94, 64]
[121, 96, 66]
[121, 96, 66]
[122, 97, 67]
[122, 97, 67]
[121, 96, 66]
[120, 95, 65]
[119, 94, 64]
[120, 95, 65]
[121, 96, 66]
[119, 94, 64]
[119, 94, 64]
[121, 96, 66]
[122, 97, 67]
[122, 97, 67]
[122, 97, 67]
[121, 96, 66]
[120, 95, 65]
[123, 98, 68]
[123, 98, 68]
[123, 98, 68]
[123, 98, 68]
[124, 99, 69]
[125, 100, 70]
[127, 102, 72]
[128, 103, 73]
[131, 106, 76]
[130, 105, 75]
[130, 105, 75]
[132, 107, 77]
[135, 110, 80]
[138, 113, 83]
[139, 114, 84]
[140, 115, 85]
[136, 111, 80]
[137, 112, 81]
[137, 112, 81]
[137, 112, 81]
[136, 111, 81]
[136, 111, 81]
[135, 110, 80]
[134, 109, 79]
[132, 107, 77]
[134, 109, 79]
[134, 109, 79]
[131, 106, 76]
[128, 102, 75]
[122, 97, 67]
[122, 97, 67]
[123, 98, 68]
[123, 98, 68]
[123, 98, 68]
[124, 99, 69]
[124, 99, 69]
[123, 98, 68]
[123, 98, 68]
[123, 98, 68]
[123, 98, 68]
[124, 99, 69]
[124, 99, 69]
[125, 100, 70]
[125, 100, 70]
[127, 102, 72]
[128, 103, 73]
[129, 104, 74]
[131, 106, 76]
[132, 107, 77]
[133, 108, 78]
[133, 108, 78]
[133, 108, 78]
[133, 108, 78]
[134, 109, 79]
[134, 109, 79]
[135, 110, 80]
[134, 109, 79]
[133, 108, 78]
[131, 106, 76]
[131, 106, 76]
[131, 106, 76]
[130, 105, 75]
[129, 104, 74]
[127, 102, 72]
[125, 100, 70]
[123, 98, 68]
[122, 97, 67]
[121, 96, 66]
[119, 94, 64]
[119, 94, 64]
[119, 94, 64]
[119, 94, 64]
[119, 94, 64]
[119, 94, 64]
[119, 94, 64]
[119, 94, 64]
[117, 92, 62]
[118, 93, 63]
[120, 95, 65]
[119, 94, 64]
[118, 93, 63]
[117, 92, 62]
[118, 93, 63]
[120, 95, 65]
[121, 96, 66]
[121, 96, 66]
[121, 96, 66]
[121, 96, 66]
[120, 95, 65]
[119, 94, 64]
[119, 94, 64]
[120, 95, 65]
[118, 93, 63]
[119, 94, 64]
[120, 95, 65]
[121, 96, 66]
[122, 97, 67]
[121, 96, 66]
[121, 96, 66]
[120, 95, 65]
[124, 99, 69]
[123, 98, 68]
[123, 98, 68]
[123, 98, 68]
[123, 98, 68]
[125, 100, 70]
[126, 101, 71]
[127, 102, 72]
[132, 107, 77]
[132, 107, 77]
[132, 107, 77]
[134, 109, 79]
[136, 111, 81]
[138, 113, 83]
[140, 115, 85]
[140, 115, 85]
[136, 111, 80]
[137, 112, 81]
[137, 112, 81]
[138, 113, 82]
[137, 112, 82]
[136, 111, 81]
[134, 109, 79]
[133, 108, 78]
[132, 107, 77]
[134, 109, 79]
[134, 109, 79]
[131, 106, 76]
[129, 103, 76]
[122, 97, 67]
[122, 97, 67]
[123, 98, 68]
[123, 98, 68]
[123, 98, 68]
[124, 99, 69]
[124, 99, 69]
[123, 98, 68]
[123, 98, 68]
[123, 98, 68]
[124, 99, 69]
[124, 99, 69]
[124, 99, 69]
[124, 99, 69]
[124, 99, 69]
[125, 100, 70]
[127, 102, 72]
[129, 104, 74]
[131, 106, 76]
[133, 108, 78]
[133, 108, 78]
[133, 108, 78]
[133, 108, 78]
[131, 106, 76]
[132, 107, 77]
[132, 107, 77]
[133, 108, 78]
[133, 108, 78]
[132, 107, 77]
[131, 106, 76]
[130, 105, 75]
[132, 107, 77]
[131, 106, 76]
[129, 104, 74]
[127, 102, 72]
[125, 100, 70]
[123, 98, 68]
[122, 97, 67]
[121, 96, 66]
[119, 93, 66]
[119, 93, 66]
[119, 93, 66]
[119, 93, 66]
[119, 93, 66]
[119, 93, 66]
[119, 93, 66]
[119, 93, 66]
[118, 92, 65]
[119, 93, 66]
[120, 94, 67]
[119, 93, 66]
[118, 92, 65]
[117, 91, 64]
[118, 92, 65]
[119, 93, 66]
[121, 95, 68]
[121, 95, 68]
[120, 94, 67]
[120, 94, 67]
[120, 94, 67]
[120, 94, 67]
[119, 93, 66]
[119, 93, 66]
[118, 92, 65]
[119, 93, 66]
[120, 94, 67]
[121, 95, 68]
[121, 95, 68]
[121, 95, 68]
[120, 94, 67]
[120, 94, 67]
[124, 99, 69]
[124, 99, 69]
[123, 98, 68]
[123, 98, 68]
[124, 99, 69]
[126, 101, 71]
[127, 102, 72]
[128, 103, 73]
[131, 106, 76]
[133, 108, 78]
[134, 109, 79]
[136, 111, 81]
[137, 112, 82]
[138, 113, 83]
[139, 114, 84]
[140, 115, 85]
[136, 111, 80]
[137, 112, 81]
[138, 113, 82]
[138, 113, 82]
[137, 112, 82]
[135, 110, 80]
[134, 109, 79]
[132, 107, 77]
[133, 108, 78]
[136, 111, 81]
[136, 111, 81]
[133, 108, 78]
[130, 104, 77]
[123, 98, 68]
[123, 98, 68]
[123, 98, 68]
[123, 98, 68]
[124, 99, 69]
[124, 99, 69]
[124, 99, 69]
[124, 99, 69]
[124, 99, 69]
[124, 99, 69]
[124, 99, 69]
[124, 99, 69]
[124, 99, 69]
[124, 99, 69]
[124, 99, 69]
[124, 99, 69]
[126, 101, 71]
[129, 104, 74]
[131, 106, 76]
[133, 108, 78]
[133, 108, 78]
[133, 108, 78]
[132, 107, 77]
[130, 105, 75]
[131, 106, 76]
[132, 107, 77]
[133, 108, 78]
[133, 108, 78]
[132, 107, 77]
[132, 107, 77]
[131, 106, 76]
[132, 107, 77]
[131, 106, 76]
[130, 105, 75]
[127, 102, 72]
[125, 100, 70]
[123, 98, 68]
[121, 96, 66]
[120, 95, 65]
[119, 93, 66]
[119, 93, 66]
[119, 93, 66]
[119, 93, 66]
[119, 93, 66]
[119, 93, 66]
[119, 93, 66]
[119, 93, 66]
[119, 93, 66]
[120, 94, 67]
[121, 95, 68]
[120, 94, 67]
[118, 92, 65]
[117, 91, 64]
[118, 92, 65]
[119, 93, 66]
[121, 95, 68]
[120, 94, 67]
[119, 93, 66]
[119, 93, 66]
[120, 94, 67]
[120, 94, 67]
[119, 93, 66]
[118, 92, 65]
[118, 92, 65]
[118, 92, 65]
[120, 94, 67]
[121, 95, 68]
[121, 95, 68]
[121, 95, 68]
[120, 94, 67]
[119, 93, 66]
[122, 97, 67]
[122, 97, 67]
[122, 97, 67]
[123, 98, 68]
[124, 99, 69]
[126, 101, 71]
[128, 103, 73]
[129, 104, 74]
[131, 106, 76]
[133, 108, 78]
[136, 111, 81]
[137, 112, 82]
[138, 113, 83]
[138, 113, 83]
[139, 114, 84]
[140, 115, 85]
[138, 113, 82]
[138, 113, 82]
[137, 112, 81]
[137, 112, 81]
[136, 111, 81]
[135, 110, 80]
[134, 109, 79]
[133, 108, 78]
[133, 108, 78]
[136, 111, 81]
[137, 112, 82]
[134, 109, 79]
[131, 105, 78]
[123, 98, 68]
[123, 98, 68]
[124, 99, 69]
[124, 99, 69]
[124, 99, 69]
[125, 100, 70]
[125, 100, 70]
[125, 100, 70]
[125, 100, 70]
[125, 100, 70]
[125, 100, 70]
[125, 100, 70]
[125, 100, 70]
[125, 100, 70]
[125, 100, 70]
[123, 98, 68]
[125, 100, 70]
[128, 103, 73]
[131, 106, 76]
[133, 108, 78]
[133, 108, 78]
[133, 108, 78]
[132, 107, 77]
[131, 106, 76]
[132, 107, 77]
[133, 108, 78]
[134, 109, 79]
[135, 110, 80]
[134, 109, 79]
[134, 109, 79]
[133, 108, 78]
[132, 107, 77]
[132, 107, 77]
[130, 105, 75]
[128, 103, 73]
[125, 100, 70]
[123, 98, 68]
[121, 96, 66]
[120, 95, 65]
[120, 94, 67]
[120, 94, 67]
[120, 94, 67]
[120, 94, 67]
[120, 94, 67]
[120, 94, 67]
[120, 94, 67]
[120, 94, 67]
[120, 94, 67]
[121, 95, 68]
[121, 95, 68]
[120, 94, 67]
[119, 93, 66]
[118, 92, 65]
[118, 92, 65]
[120, 94, 67]
[122, 96, 69]
[120, 94, 67]
[118, 92, 65]
[119, 93, 66]
[120, 94, 67]
[121, 95, 68]
[119, 93, 66]
[117, 91, 64]
[117, 91, 64]
[118, 92, 65]
[119, 93, 66]
[120, 94, 67]
[121, 95, 68]
[120, 94, 67]
[120, 94, 67]
[119, 93, 66]
[119, 94, 64]
[119, 94, 64]
[120, 95, 65]
[121, 96, 66]
[123, 98, 68]
[126, 101, 71]
[128, 103, 73]
[130, 105, 75]
[130, 105, 75]
[133, 108, 78]
[137, 112, 82]
[138, 113, 83]
[138, 113, 83]
[137, 112, 82]
[138, 113, 83]
[139, 114, 84]
[139, 114, 83]
[138, 113, 82]
[137, 112, 81]
[136, 111, 80]
[135, 110, 80]
[134, 109, 79]
[134, 109, 79]
[134, 109, 79]
[133, 108, 78]
[136, 111, 81]
[137, 112, 82]
[134, 109, 79]
[131, 105, 78]
[124, 99, 69]
[124, 99, 69]
[124, 99, 69]
[125, 100, 70]
[125, 100, 70]
[125, 100, 70]
[125, 100, 70]
[126, 101, 71]
[126, 101, 71]
[126, 101, 71]
[125, 100, 70]
[125, 100, 70]
[125, 100, 70]
[125, 100, 70]
[125, 100, 70]
[123, 98, 68]
[125, 100, 70]
[128, 103, 73]
[131, 106, 76]
[133, 108, 78]
[133, 108, 78]
[133, 108, 78]
[132, 107, 77]
[132, 107, 77]
[133, 108, 78]
[135, 110, 80]
[136, 111, 81]
[137, 112, 82]
[136, 111, 81]
[136, 111, 81]
[135, 110, 80]
[133, 108, 78]
[132, 107, 77]
[130, 105, 75]
[128, 103, 73]
[125, 100, 70]
[123, 98, 68]
[121, 96, 66]
[120, 95, 65]
[120, 94, 67]
[120, 94, 67]
[120, 94, 67]
[120, 94, 67]
[120, 94, 67]
[120, 94, 67]
[120, 94, 67]
[120, 94, 67]
[120, 94, 67]
[121, 95, 68]
[122, 96, 69]
[121, 95, 68]
[119, 93, 66]
[118, 92, 65]
[119, 93, 66]
[120, 94, 67]
[122, 96, 69]
[120, 94, 67]
[118, 92, 65]
[118, 92, 65]
[120, 94, 67]
[121, 95, 68]
[119, 93, 66]
[117, 91, 64]
[117, 91, 64]
[118, 92, 65]
[119, 93, 66]
[120, 94, 67]
[121, 95, 68]
[120, 94, 67]
[120, 94, 67]
[119, 93, 66]
[117, 92, 62]
[117, 92, 62]
[118, 93, 63]
[119, 94, 64]
[122, 97, 67]
[125, 100, 70]
[128, 103, 73]
[129, 104, 74]
[129, 104, 74]
[133, 108, 78]
[137, 112, 82]
[138, 113, 83]
[137, 112, 82]
[137, 112, 82]
[137, 112, 82]
[139, 114, 84]
[140, 115, 84]
[139, 114, 83]
[137, 112, 81]
[135, 110, 79]
[134, 109, 79]
[134, 109, 79]
[134, 109, 79]
[134, 109, 79]
[132, 107, 77]
[135, 110, 80]
[136, 111, 81]
[133, 108, 78]
[130, 104, 77]
[125, 100, 70]
[124, 99, 69]
[123, 98, 68]
[122, 96, 69]
[123, 97, 70]
[123, 97, 70]
[124, 98, 71]
[123, 98, 68]
[123, 98, 68]
[123, 98, 68]
[124, 99, 69]
[124, 99, 69]
[124, 99, 69]
[124, 99, 69]
[125, 100, 70]
[126, 101, 71]
[128, 103, 73]
[130, 105, 75]
[130, 105, 75]
[129, 104, 74]
[129, 104, 74]
[132, 107, 77]
[134, 109, 79]
[134, 109, 79]
[135, 110, 80]
[135, 110, 80]
[136, 111, 81]
[135, 110, 80]
[134, 109, 79]
[133, 108, 78]
[132, 107, 77]
[131, 106, 76]
[131, 106, 76]
[129, 104, 74]
[127, 102, 72]
[124, 99, 69]
[122, 97, 67]
[120, 95, 65]
[119, 94, 64]
[118, 93, 63]
[119, 94, 64]
[120, 95, 65]
[119, 94, 64]
[117, 92, 62]
[117, 92, 62]
[120, 95, 65]
[123, 98, 68]
[118, 93, 63]
[118, 93, 63]
[119, 94, 64]
[119, 94, 64]
[119, 94, 64]
[120, 95, 65]
[120, 95, 65]
[120, 95, 65]
[125, 100, 70]
[120, 95, 65]
[116, 91, 61]
[116, 91, 61]
[119, 94, 64]
[122, 97, 67]
[122, 97, 67]
[120, 95, 65]
[119, 94, 64]
[119, 94, 64]
[119, 94, 64]
[119, 94, 64]
[118, 93, 63]
[118, 93, 63]
[118, 93, 63]
[118, 93, 63]
[119, 94, 64]
[118, 93, 63]
[118, 93, 63]
[119, 94, 64]
[121, 96, 66]
[124, 99, 69]
[126, 101, 71]
[128, 103, 73]
[126, 101, 71]
[128, 103, 73]
[131, 106, 76]
[134, 109, 79]
[138, 113, 83]
[140, 115, 85]
[142, 117, 87]
[142, 117, 87]
[140, 115, 85]
[138, 113, 83]
[136, 111, 81]
[136, 111, 81]
[136, 110, 83]
[135, 109, 82]
[133, 107, 80]
[132, 106, 79]
[133, 107, 80]
[133, 107, 80]
[132, 106, 79]
[131, 105, 78]
[129, 103, 78]
[124, 99, 69]
[123, 98, 68]
[122, 97, 67]
[122, 96, 69]
[122, 96, 69]
[123, 97, 70]
[123, 97, 70]
[124, 99, 69]
[124, 99, 69]
[124, 99, 69]
[124, 99, 69]
[125, 100, 70]
[125, 100, 70]
[125, 100, 70]
[125, 100, 70]
[124, 99, 69]
[126, 101, 71]
[129, 104, 74]
[129, 104, 74]
[128, 103, 73]
[128, 103, 73]
[130, 105, 75]
[132, 107, 77]
[134, 109, 79]
[134, 109, 79]
[135, 110, 80]
[135, 110, 80]
[135, 110, 80]
[134, 109, 79]
[132, 107, 77]
[132, 107, 77]
[132, 107, 77]
[131, 106, 76]
[129, 104, 74]
[127, 102, 72]
[124, 99, 69]
[122, 97, 67]
[120, 95, 65]
[120, 95, 65]
[117, 92, 62]
[118, 93, 63]
[119, 94, 64]
[118, 93, 63]
[117, 92, 62]
[117, 92, 62]
[120, 95, 65]
[122, 97, 67]
[118, 93, 63]
[118, 93, 63]
[119, 94, 64]
[119, 94, 64]
[119, 94, 64]
[120, 95, 65]
[120, 95, 65]
[120, 95, 65]
[124, 99, 69]
[120, 95, 65]
[116, 91, 61]
[117, 92, 62]
[120, 95, 65]
[122, 97, 67]
[122, 97, 67]
[120, 95, 65]
[120, 95, 65]
[120, 95, 65]
[119, 94, 64]
[119, 94, 64]
[119, 94, 64]
[118, 93, 63]
[118, 93, 63]
[118, 93, 63]
[119, 94, 64]
[119, 94, 64]
[120, 95, 65]
[121, 96, 66]
[123, 98, 68]
[125, 100, 70]
[127, 102, 72]
[128, 103, 73]
[126, 101, 71]
[128, 103, 73]
[131, 106, 76]
[134, 109, 79]
[137, 112, 82]
[140, 115, 85]
[141, 116, 86]
[142, 117, 87]
[140, 115, 85]
[138, 113, 83]
[136, 111, 81]
[136, 111, 81]
[136, 110, 83]
[135, 109, 82]
[134, 108, 81]
[132, 106, 79]
[132, 106, 79]
[131, 105, 78]
[130, 104, 77]
[129, 103, 76]
[128, 102, 77]
[124, 99, 69]
[122, 97, 67]
[121, 96, 66]
[121, 95, 68]
[121, 95, 68]
[122, 96, 69]
[123, 97, 70]
[124, 99, 69]
[125, 100, 70]
[125, 100, 70]
[125, 100, 70]
[125, 100, 70]
[126, 101, 71]
[126, 101, 71]
[126, 101, 71]
[123, 98, 68]
[125, 100, 70]
[127, 102, 72]
[127, 102, 72]
[127, 102, 72]
[127, 102, 72]
[129, 104, 74]
[130, 105, 75]
[133, 108, 78]
[133, 108, 78]
[134, 109, 79]
[135, 110, 80]
[134, 109, 79]
[133, 108, 78]
[132, 107, 77]
[132, 107, 77]
[132, 107, 77]
[131, 106, 76]
[130, 105, 75]
[127, 102, 72]
[125, 100, 70]
[123, 98, 68]
[121, 96, 66]
[120, 95, 65]
[117, 92, 62]
[118, 93, 63]
[118, 93, 63]
[117, 92, 62]
[116, 91, 61]
[116, 91, 61]
[118, 93, 63]
[120, 95, 65]
[118, 93, 63]
[118, 93, 63]
[118, 93, 63]
[119, 94, 64]
[119, 94, 64]
[119, 94, 64]
[120, 95, 65]
[120, 95, 65]
[123, 98, 68]
[120, 95, 65]
[118, 93, 63]
[118, 93, 63]
[121, 96, 66]
[122, 97, 67]
[121, 96, 66]
[119, 94, 64]
[120, 95, 65]
[120, 95, 65]
[120, 95, 65]
[120, 95, 65]
[119, 94, 64]
[119, 94, 64]
[119, 94, 64]
[119, 94, 64]
[118, 93, 63]
[119, 94, 64]
[121, 96, 66]
[123, 98, 68]
[125, 100, 70]
[126, 101, 71]
[126, 101, 71]
[127, 102, 72]
[125, 100, 70]
[127, 102, 72]
[131, 106, 76]
[134, 109, 79]
[137, 112, 82]
[139, 114, 84]
[140, 115, 85]
[140, 115, 85]
[139, 114, 84]
[138, 113, 83]
[136, 111, 81]
[136, 111, 81]
[136, 110, 83]
[136, 110, 83]
[134, 108, 81]
[133, 107, 80]
[131, 105, 78]
[130, 104, 77]
[129, 103, 76]
[128, 102, 75]
[127, 101, 76]
[123, 98, 68]
[122, 97, 67]
[121, 96, 66]
[121, 95, 68]
[121, 95, 68]
[122, 96, 69]
[122, 96, 69]
[125, 100, 70]
[125, 100, 70]
[125, 100, 70]
[125, 100, 70]
[126, 101, 71]
[126, 101, 71]
[126, 101, 71]
[126, 101, 71]
[124, 99, 69]
[125, 100, 70]
[126, 101, 71]
[126, 101, 71]
[127, 102, 72]
[128, 103, 73]
[129, 104, 74]
[130, 105, 75]
[132, 107, 77]
[132, 107, 77]
[133, 108, 78]
[134, 109, 79]
[134, 109, 79]
[133, 108, 78]
[132, 107, 77]
[131, 106, 76]
[133, 108, 78]
[132, 107, 77]
[130, 105, 75]
[128, 103, 73]
[126, 101, 71]
[123, 98, 68]
[122, 97, 67]
[121, 96, 66]
[117, 92, 62]
[117, 92, 62]
[117, 92, 62]
[116, 91, 61]
[116, 91, 61]
[116, 91, 61]
[117, 92, 62]
[119, 94, 64]
[118, 93, 63]
[118, 93, 63]
[118, 93, 63]
[118, 93, 63]
[119, 94, 64]
[119, 94, 64]
[119, 94, 64]
[119, 94, 64]
[122, 97, 67]
[120, 95, 65]
[119, 94, 64]
[120, 95, 65]
[121, 96, 66]
[122, 97, 67]
[120, 95, 65]
[118, 93, 63]
[121, 96, 66]
[121, 96, 66]
[121, 96, 66]
[120, 95, 65]
[120, 95, 65]
[120, 95, 65]
[119, 94, 64]
[119, 94, 64]
[117, 92, 62]
[118, 93, 63]
[121, 96, 66]
[123, 98, 68]
[124, 99, 69]
[125, 100, 70]
[125, 100, 70]
[124, 99, 69]
[124, 99, 69]
[127, 102, 72]
[130, 105, 75]
[134, 109, 79]
[137, 112, 82]
[138, 113, 83]
[139, 114, 84]
[139, 114, 84]
[138, 113, 83]
[137, 112, 82]
[135, 110, 80]
[135, 110, 80]
[136, 110, 83]
[136, 110, 83]
[135, 109, 82]
[133, 107, 80]
[132, 106, 79]
[131, 105, 78]
[130, 104, 77]
[128, 102, 75]
[127, 101, 76]
[123, 98, 68]
[122, 97, 67]
[121, 96, 66]
[121, 95, 68]
[121, 95, 68]
[122, 96, 69]
[122, 96, 69]
[124, 99, 69]
[124, 99, 69]
[124, 99, 69]
[125, 100, 70]
[125, 100, 70]
[125, 100, 70]
[126, 101, 71]
[126, 101, 71]
[125, 100, 70]
[125, 100, 70]
[126, 101, 71]
[127, 102, 72]
[128, 103, 73]
[129, 104, 74]
[130, 105, 75]
[130, 105, 75]
[131, 106, 76]
[131, 106, 76]
[132, 107, 77]
[133, 108, 78]
[133, 108, 78]
[133, 108, 78]
[132, 107, 77]
[131, 106, 76]
[134, 109, 79]
[133, 108, 78]
[131, 106, 76]
[129, 104, 74]
[126, 101, 71]
[124, 99, 69]
[122, 97, 67]
[121, 96, 66]
[118, 92, 65]
[117, 91, 64]
[116, 90, 63]
[115, 89, 62]
[116, 90, 63]
[116, 90, 63]
[117, 91, 64]
[117, 91, 64]
[117, 91, 64]
[117, 91, 64]
[118, 92, 65]
[118, 92, 65]
[118, 92, 65]
[119, 93, 66]
[119, 93, 66]
[119, 93, 66]
[122, 96, 69]
[121, 95, 68]
[120, 94, 67]
[120, 94, 67]
[121, 95, 68]
[120, 94, 67]
[119, 93, 66]
[118, 92, 65]
[121, 95, 68]
[121, 95, 68]
[121, 95, 68]
[120, 94, 67]
[120, 94, 67]
[120, 94, 67]
[119, 93, 66]
[119, 93, 66]
[115, 90, 60]
[117, 92, 62]
[119, 94, 64]
[121, 96, 66]
[122, 97, 67]
[122, 97, 67]
[122, 97, 67]
[122, 97, 67]
[124, 99, 69]
[126, 101, 71]
[130, 105, 75]
[134, 109, 79]
[137, 112, 82]
[138, 113, 83]
[138, 113, 83]
[137, 112, 82]
[137, 112, 82]
[136, 111, 81]
[135, 110, 80]
[135, 110, 80]
[136, 110, 83]
[137, 111, 84]
[136, 110, 83]
[134, 108, 81]
[133, 107, 80]
[132, 106, 79]
[131, 105, 78]
[129, 103, 76]
[128, 102, 77]
[124, 99, 69]
[122, 97, 67]
[121, 96, 66]
[121, 95, 68]
[121, 95, 68]
[122, 96, 69]
[123, 97, 70]
[122, 97, 67]
[123, 98, 68]
[123, 98, 68]
[123, 98, 68]
[124, 99, 69]
[124, 99, 69]
[124, 99, 69]
[124, 99, 69]
[126, 101, 71]
[125, 100, 70]
[125, 100, 70]
[126, 101, 71]
[129, 104, 74]
[130, 105, 75]
[130, 105, 75]
[129, 104, 74]
[130, 105, 75]
[130, 105, 75]
[131, 106, 76]
[132, 107, 77]
[133, 108, 78]
[132, 107, 77]
[132, 107, 77]
[131, 106, 76]
[134, 109, 79]
[133, 108, 78]
[132, 107, 77]
[129, 104, 74]
[127, 102, 72]
[125, 100, 70]
[123, 98, 68]
[122, 97, 67]
[119, 93, 66]
[118, 92, 65]
[115, 89, 62]
[115, 89, 62]
[116, 90, 63]
[117, 91, 64]
[117, 91, 64]
[116, 90, 63]
[117, 91, 64]
[117, 91, 64]
[117, 91, 64]
[118, 92, 65]
[118, 92, 65]
[118, 92, 65]
[119, 93, 66]
[119, 93, 66]
[122, 96, 69]
[122, 96, 69]
[121, 95, 68]
[120, 94, 67]
[119, 93, 66]
[119, 93, 66]
[119, 93, 66]
[119, 93, 66]
[120, 94, 67]
[120, 94, 67]
[120, 94, 67]
[120, 94, 67]
[119, 93, 66]
[119, 93, 66]
[119, 93, 66]
[119, 93, 66]
[115, 90, 60]
[116, 91, 61]
[117, 92, 62]
[119, 94, 64]
[120, 95, 65]
[121, 96, 66]
[121, 96, 66]
[121, 96, 66]
[123, 98, 68]
[126, 101, 71]
[130, 105, 75]
[134, 109, 79]
[137, 112, 82]
[137, 112, 82]
[136, 111, 81]
[135, 110, 80]
[136, 111, 81]
[135, 110, 80]
[134, 109, 79]
[135, 110, 80]
[137, 111, 84]
[137, 111, 84]
[137, 111, 84]
[135, 109, 82]
[134, 108, 81]
[133, 107, 80]
[132, 106, 79]
[130, 104, 77]
[128, 102, 77]
[124, 99, 69]
[123, 98, 68]
[122, 97, 67]
[122, 96, 69]
[122, 96, 69]
[123, 97, 70]
[123, 97, 70]
[121, 96, 66]
[121, 96, 66]
[121, 96, 66]
[121, 96, 66]
[122, 97, 67]
[122, 97, 67]
[122, 97, 67]
[122, 97, 67]
[125, 100, 70]
[123, 98, 68]
[123, 98, 68]
[124, 99, 69]
[127, 102, 72]
[129, 104, 74]
[128, 103, 73]
[127, 102, 72]
[129, 104, 74]
[130, 105, 75]
[131, 106, 76]
[132, 107, 77]
[132, 107, 77]
[132, 107, 77]
[131, 106, 76]
[131, 106, 76]
[135, 110, 80]
[134, 109, 79]
[132, 107, 77]
[130, 105, 75]
[127, 102, 72]
[125, 100, 70]
[123, 98, 68]
[123, 98, 68]
[121, 95, 68]
[118, 92, 65]
[116, 90, 63]
[115, 89, 62]
[117, 91, 64]
[118, 92, 65]
[117, 91, 64]
[116, 90, 63]
[117, 91, 64]
[117, 91, 64]
[117, 91, 64]
[117, 91, 64]
[118, 92, 65]
[118, 92, 65]
[118, 92, 65]
[119, 93, 66]
[123, 97, 70]
[123, 97, 70]
[121, 95, 68]
[119, 93, 66]
[118, 92, 65]
[118, 92, 65]
[119, 93, 66]
[120, 94, 67]
[120, 94, 67]
[120, 94, 67]
[119, 93, 66]
[119, 93, 66]
[119, 93, 66]
[118, 92, 65]
[118, 92, 65]
[118, 92, 65]
[117, 92, 62]
[117, 92, 62]
[118, 93, 63]
[118, 93, 63]
[119, 94, 64]
[120, 95, 65]
[122, 97, 67]
[122, 97, 67]
[122, 97, 67]
[125, 100, 70]
[130, 105, 75]
[134, 109, 79]
[136, 111, 81]
[137, 112, 82]
[135, 110, 80]
[134, 109, 79]
[136, 111, 81]
[135, 110, 80]
[134, 109, 79]
[135, 110, 80]
[137, 111, 84]
[138, 112, 85]
[137, 111, 84]
[136, 110, 83]
[133, 107, 80]
[132, 106, 79]
[131, 105, 78]
[129, 103, 76]
[126, 100, 75]
[125, 100, 70]
[124, 99, 69]
[123, 98, 68]
[122, 96, 69]
[123, 97, 70]
[123, 97, 70]
[124, 98, 71]
[119, 94, 64]
[120, 95, 65]
[120, 95, 65]
[120, 95, 65]
[120, 95, 65]
[121, 96, 66]
[121, 96, 66]
[121, 96, 66]
[123, 98, 68]
[122, 97, 67]
[121, 96, 66]
[123, 98, 68]
[126, 101, 71]
[128, 103, 73]
[127, 102, 72]
[125, 100, 70]
[128, 103, 73]
[129, 104, 74]
[130, 105, 75]
[132, 107, 77]
[132, 107, 77]
[132, 107, 77]
[131, 106, 76]
[131, 106, 76]
[135, 110, 80]
[134, 109, 79]
[132, 107, 77]
[130, 105, 75]
[128, 103, 73]
[125, 100, 70]
[124, 99, 69]
[123, 98, 68]
[121, 95, 68]
[119, 93, 66]
[116, 90, 63]
[115, 89, 62]
[117, 91, 64]
[118, 92, 65]
[117, 91, 64]
[116, 90, 63]
[117, 91, 64]
[117, 91, 64]
[117, 91, 64]
[117, 91, 64]
[118, 92, 65]
[118, 92, 65]
[118, 92, 65]
[118, 92, 65]
[124, 98, 71]
[123, 97, 70]
[121, 95, 68]
[118, 92, 65]
[117, 91, 64]
[117, 91, 64]
[119, 93, 66]
[121, 95, 68]
[119, 93, 66]
[119, 93, 66]
[119, 93, 66]
[119, 93, 66]
[118, 92, 65]
[118, 92, 65]
[118, 92, 65]
[118, 92, 65]
[120, 95, 65]
[119, 94, 64]
[118, 93, 63]
[118, 93, 63]
[119, 94, 64]
[121, 96, 66]
[123, 98, 68]
[124, 99, 69]
[122, 97, 67]
[125, 100, 70]
[130, 105, 75]
[134, 109, 79]
[136, 111, 81]
[136, 111, 81]
[135, 110, 80]
[134, 109, 79]
[135, 110, 80]
[134, 109, 79]
[134, 109, 79]
[135, 110, 80]
[137, 111, 84]
[138, 112, 85]
[137, 111, 84]
[136, 110, 83]
[132, 106, 79]
[131, 105, 78]
[129, 103, 76]
[127, 101, 74]
[125, 99, 74]
[125, 100, 70]
[126, 101, 71]
[126, 101, 71]
[125, 99, 72]
[124, 98, 71]
[123, 97, 70]
[122, 96, 69]
[117, 92, 62]
[118, 93, 63]
[120, 95, 65]
[122, 97, 67]
[123, 98, 68]
[123, 98, 68]
[123, 98, 68]
[123, 98, 68]
[125, 100, 70]
[125, 100, 70]
[125, 100, 70]
[126, 101, 71]
[127, 102, 72]
[127, 102, 72]
[128, 103, 73]
[128, 103, 73]
[130, 105, 75]
[132, 107, 77]
[133, 108, 78]
[133, 108, 78]
[132, 107, 77]
[132, 107, 77]
[133, 108, 78]
[134, 109, 79]
[137, 112, 82]
[135, 110, 80]
[133, 108, 78]
[130, 105, 75]
[127, 102, 72]
[125, 100, 70]
[123, 98, 68]
[121, 96, 66]
[121, 95, 68]
[121, 95, 68]
[120, 94, 67]
[120, 94, 67]
[119, 93, 66]
[118, 92, 65]
[118, 92, 65]
[117, 91, 64]
[114, 88, 61]
[114, 88, 61]
[115, 89, 62]
[117, 91, 64]
[118, 92, 65]
[119, 93, 66]
[120, 94, 67]
[121, 95, 68]
[120, 94, 67]
[120, 94, 67]
[120, 94, 67]
[120, 94, 67]
[119, 93, 66]
[119, 93, 66]
[118, 92, 65]
[118, 92, 65]
[114, 88, 61]
[116, 90, 63]
[118, 92, 65]
[119, 93, 66]
[117, 91, 64]
[116, 90, 63]
[115, 89, 62]
[116, 90, 63]
[119, 94, 64]
[119, 94, 64]
[120, 95, 65]
[120, 95, 65]
[120, 95, 65]
[121, 96, 66]
[121, 96, 66]
[121, 96, 66]
[124, 99, 69]
[126, 101, 71]
[130, 105, 75]
[133, 108, 78]
[135, 110, 80]
[135, 110, 80]
[135, 110, 80]
[134, 109, 79]
[134, 109, 79]
[134, 109, 79]
[135, 110, 80]
[137, 112, 82]
[139, 113, 86]
[139, 113, 86]
[136, 110, 83]
[133, 107, 80]
[131, 105, 78]
[131, 105, 78]
[130, 104, 77]
[129, 103, 76]
[126, 100, 75]
[125, 100, 70]
[126, 101, 71]
[126, 101, 71]
[125, 99, 72]
[124, 98, 71]
[122, 96, 69]
[121, 95, 68]
[118, 93, 63]
[119, 94, 64]
[121, 96, 66]
[122, 97, 67]
[123, 98, 68]
[123, 98, 68]
[122, 97, 67]
[122, 97, 67]
[123, 98, 68]
[123, 98, 68]
[124, 99, 69]
[125, 100, 70]
[125, 100, 70]
[126, 101, 71]
[126, 101, 71]
[127, 102, 72]
[130, 105, 75]
[131, 106, 76]
[133, 108, 78]
[132, 107, 77]
[131, 106, 76]
[131, 106, 76]
[132, 107, 77]
[134, 109, 79]
[134, 109, 79]
[133, 108, 78]
[131, 106, 76]
[129, 104, 74]
[126, 101, 71]
[123, 98, 68]
[121, 96, 66]
[120, 95, 65]
[120, 94, 67]
[120, 94, 67]
[120, 94, 67]
[119, 93, 66]
[118, 92, 65]
[118, 92, 65]
[117, 91, 64]
[117, 91, 64]
[116, 90, 63]
[116, 90, 63]
[117, 91, 64]
[117, 91, 64]
[118, 92, 65]
[119, 93, 66]
[120, 94, 67]
[120, 94, 67]
[120, 94, 67]
[120, 94, 67]
[120, 94, 67]
[119, 93, 66]
[119, 93, 66]
[119, 93, 66]
[118, 92, 65]
[118, 92, 65]
[116, 90, 63]
[118, 92, 65]
[120, 94, 67]
[120, 94, 67]
[118, 92, 65]
[117, 91, 64]
[117, 91, 64]
[117, 91, 64]
[119, 94, 64]
[119, 94, 64]
[120, 95, 65]
[120, 95, 65]
[120, 95, 65]
[121, 96, 66]
[121, 96, 66]
[121, 96, 66]
[124, 99, 69]
[126, 101, 71]
[128, 103, 73]
[131, 106, 76]
[133, 108, 78]
[134, 109, 79]
[134, 109, 79]
[134, 109, 79]
[134, 109, 79]
[134, 109, 79]
[135, 110, 80]
[137, 112, 82]
[139, 113, 86]
[139, 113, 86]
[136, 110, 83]
[133, 107, 80]
[131, 105, 78]
[131, 105, 78]
[130, 104, 77]
[129, 103, 76]
[127, 101, 76]
[125, 100, 70]
[126, 101, 71]
[126, 101, 71]
[125, 99, 72]
[124, 98, 71]
[122, 96, 69]
[121, 95, 68]
[121, 96, 66]
[121, 96, 66]
[122, 97, 67]
[123, 98, 68]
[123, 98, 68]
[122, 97, 67]
[121, 96, 66]
[121, 96, 66]
[122, 97, 67]
[122, 97, 67]
[122, 97, 67]
[123, 98, 68]
[124, 99, 69]
[124, 99, 69]
[125, 100, 70]
[125, 100, 70]
[129, 104, 74]
[131, 106, 76]
[132, 107, 77]
[132, 107, 77]
[131, 106, 76]
[131, 106, 76]
[132, 107, 77]
[133, 108, 78]
[132, 107, 77]
[131, 106, 76]
[129, 104, 74]
[126, 101, 71]
[124, 99, 69]
[121, 96, 66]
[120, 95, 65]
[119, 94, 64]
[120, 94, 67]
[119, 93, 66]
[118, 92, 65]
[118, 92, 65]
[117, 91, 64]
[117, 91, 64]
[116, 90, 63]
[116, 90, 63]
[117, 91, 64]
[117, 91, 64]
[117, 91, 64]
[118, 92, 65]
[118, 92, 65]
[119, 93, 66]
[119, 93, 66]
[119, 93, 66]
[120, 94, 67]
[119, 93, 66]
[119, 93, 66]
[119, 93, 66]
[119, 93, 66]
[118, 92, 65]
[118, 92, 65]
[118, 92, 65]
[117, 91, 64]
[118, 92, 65]
[120, 94, 67]
[120, 94, 67]
[119, 93, 66]
[118, 92, 65]
[118, 92, 65]
[119, 93, 66]
[119, 94, 64]
[119, 94, 64]
[120, 95, 65]
[120, 95, 65]
[120, 95, 65]
[121, 96, 66]
[121, 96, 66]
[121, 96, 66]
[124, 99, 69]
[125, 100, 70]
[127, 102, 72]
[129, 104, 74]
[131, 106, 76]
[133, 108, 78]
[134, 109, 79]
[134, 109, 79]
[134, 109, 79]
[134, 109, 79]
[135, 110, 80]
[137, 112, 82]
[139, 113, 86]
[138, 112, 85]
[136, 110, 83]
[134, 108, 81]
[132, 106, 79]
[132, 106, 79]
[131, 105, 78]
[130, 104, 77]
[128, 102, 77]
[125, 100, 70]
[126, 101, 71]
[126, 101, 71]
[125, 99, 72]
[124, 98, 71]
[122, 96, 69]
[121, 95, 68]
[123, 98, 68]
[123, 98, 68]
[124, 99, 69]
[124, 99, 69]
[123, 98, 68]
[121, 96, 66]
[120, 95, 65]
[119, 94, 64]
[122, 97, 67]
[122, 97, 67]
[122, 97, 67]
[123, 98, 68]
[124, 99, 69]
[124, 99, 69]
[125, 100, 70]
[125, 100, 70]
[128, 103, 73]
[130, 105, 75]
[131, 106, 76]
[131, 106, 76]
[130, 105, 75]
[130, 105, 75]
[131, 106, 76]
[132, 107, 77]
[131, 106, 76]
[130, 105, 75]
[128, 103, 73]
[126, 101, 71]
[124, 99, 69]
[122, 97, 67]
[120, 95, 65]
[119, 94, 64]
[119, 93, 66]
[119, 93, 66]
[117, 91, 64]
[116, 90, 63]
[116, 90, 63]
[115, 89, 62]
[116, 90, 63]
[116, 90, 63]
[117, 91, 64]
[117, 91, 64]
[117, 91, 64]
[117, 91, 64]
[117, 91, 64]
[117, 91, 64]
[117, 91, 64]
[117, 91, 64]
[119, 93, 66]
[119, 93, 66]
[119, 93, 66]
[119, 93, 66]
[118, 92, 65]
[118, 92, 65]
[118, 92, 65]
[118, 92, 65]
[116, 90, 63]
[118, 92, 65]
[119, 93, 66]
[119, 93, 66]
[118, 92, 65]
[117, 91, 64]
[118, 92, 65]
[120, 94, 67]
[119, 94, 64]
[119, 94, 64]
[120, 95, 65]
[120, 95, 65]
[120, 95, 65]
[121, 96, 66]
[121, 96, 66]
[121, 96, 66]
[124, 99, 69]
[124, 99, 69]
[125, 100, 70]
[127, 102, 72]
[129, 104, 74]
[131, 106, 76]
[133, 108, 78]
[134, 109, 79]
[135, 110, 80]
[134, 109, 79]
[135, 110, 80]
[136, 111, 81]
[138, 112, 85]
[138, 112, 85]
[136, 110, 83]
[134, 108, 81]
[134, 108, 81]
[133, 107, 80]
[131, 105, 78]
[129, 103, 76]
[126, 100, 75]
[126, 101, 71]
[126, 101, 71]
[126, 101, 71]
[126, 100, 73]
[124, 98, 71]
[123, 97, 70]
[122, 96, 69]
[123, 98, 68]
[124, 99, 69]
[124, 99, 69]
[123, 98, 68]
[122, 97, 67]
[120, 95, 65]
[119, 94, 64]
[118, 93, 63]
[122, 97, 67]
[122, 97, 67]
[123, 98, 68]
[124, 99, 69]
[124, 99, 69]
[125, 100, 70]
[125, 100, 70]
[126, 101, 71]
[127, 102, 72]
[129, 104, 74]
[130, 105, 75]
[130, 105, 75]
[129, 104, 74]
[129, 104, 74]
[130, 105, 75]
[131, 106, 76]
[131, 106, 76]
[130, 105, 75]
[129, 104, 74]
[127, 102, 72]
[125, 100, 70]
[123, 98, 68]
[122, 97, 67]
[121, 96, 66]
[120, 94, 67]
[119, 93, 68]
[117, 91, 66]
[115, 89, 64]
[115, 89, 64]
[115, 89, 64]
[116, 90, 65]
[116, 90, 65]
[115, 89, 64]
[115, 89, 64]
[115, 89, 64]
[115, 89, 64]
[115, 89, 64]
[115, 89, 64]
[115, 89, 64]
[115, 89, 64]
[118, 92, 67]
[118, 92, 67]
[118, 92, 67]
[118, 92, 67]
[118, 92, 67]
[118, 92, 67]
[118, 92, 67]
[118, 92, 67]
[115, 89, 64]
[116, 90, 65]
[117, 91, 66]
[117, 91, 66]
[116, 90, 65]
[116, 90, 65]
[118, 92, 67]
[119, 93, 66]
[119, 94, 64]
[119, 94, 64]
[120, 95, 65]
[120, 95, 65]
[120, 95, 65]
[121, 96, 66]
[121, 96, 66]
[121, 96, 66]
[123, 98, 68]
[123, 98, 68]
[125, 100, 70]
[126, 101, 71]
[128, 103, 73]
[131, 106, 76]
[132, 107, 77]
[133, 108, 78]
[135, 110, 80]
[135, 110, 80]
[135, 110, 80]
[136, 111, 81]
[138, 112, 85]
[138, 112, 85]
[136, 110, 83]
[135, 109, 82]
[136, 110, 83]
[134, 108, 81]
[131, 105, 78]
[127, 101, 74]
[123, 97, 72]
[127, 102, 72]
[127, 102, 72]
[128, 103, 73]
[127, 101, 74]
[126, 100, 73]
[124, 98, 71]
[123, 97, 70]
[123, 98, 68]
[123, 98, 68]
[123, 98, 68]
[123, 98, 68]
[121, 96, 66]
[120, 95, 65]
[118, 93, 63]
[117, 92, 62]
[122, 97, 67]
[122, 97, 67]
[123, 98, 68]
[124, 99, 69]
[124, 99, 69]
[125, 100, 70]
[125, 100, 70]
[126, 101, 71]
[126, 101, 71]
[128, 103, 73]
[129, 104, 74]
[129, 104, 74]
[128, 103, 73]
[128, 103, 73]
[129, 104, 74]
[130, 105, 75]
[130, 105, 75]
[130, 105, 75]
[129, 104, 74]
[127, 102, 72]
[126, 101, 71]
[124, 99, 69]
[123, 98, 68]
[123, 98, 68]
[120, 94, 67]
[119, 93, 68]
[117, 91, 66]
[115, 89, 64]
[114, 88, 63]
[115, 89, 64]
[116, 90, 65]
[117, 91, 66]
[114, 88, 63]
[114, 88, 63]
[114, 88, 63]
[114, 88, 63]
[115, 89, 64]
[115, 89, 64]
[115, 89, 64]
[116, 90, 65]
[117, 91, 66]
[117, 91, 66]
[117, 91, 66]
[118, 92, 67]
[118, 92, 67]
[118, 92, 67]
[118, 92, 67]
[119, 93, 68]
[114, 88, 63]
[116, 90, 65]
[116, 90, 65]
[116, 90, 65]
[115, 89, 64]
[116, 90, 65]
[118, 92, 67]
[120, 94, 67]
[119, 94, 64]
[119, 94, 64]
[120, 95, 65]
[120, 95, 65]
[120, 95, 65]
[121, 96, 66]
[121, 96, 66]
[121, 96, 66]
[122, 97, 67]
[123, 98, 68]
[125, 100, 70]
[127, 102, 72]
[129, 104, 74]
[131, 106, 76]
[132, 107, 77]
[132, 107, 77]
[136, 111, 81]
[135, 110, 80]
[134, 109, 79]
[135, 110, 80]
[137, 111, 84]
[138, 112, 85]
[137, 111, 84]
[135, 109, 82]
[136, 110, 83]
[134, 108, 81]
[130, 104, 77]
[126, 100, 73]
[122, 96, 71]
[128, 103, 73]
[129, 104, 74]
[129, 104, 74]
[128, 102, 75]
[127, 101, 74]
[125, 99, 72]
[124, 98, 71]
[121, 96, 66]
[121, 96, 66]
[122, 97, 67]
[122, 97, 67]
[121, 96, 66]
[119, 94, 64]
[118, 93, 63]
[117, 92, 62]
[121, 96, 66]
[121, 96, 66]
[121, 96, 66]
[122, 97, 67]
[123, 98, 68]
[123, 98, 68]
[124, 99, 69]
[124, 99, 69]
[126, 101, 71]
[127, 102, 72]
[128, 103, 73]
[128, 103, 73]
[127, 102, 72]
[127, 102, 72]
[128, 103, 73]
[129, 104, 74]
[129, 104, 74]
[129, 104, 74]
[128, 103, 73]
[127, 102, 72]
[125, 100, 70]
[124, 99, 69]
[123, 98, 68]
[123, 97, 70]
[121, 95, 70]
[120, 94, 69]
[117, 91, 66]
[115, 89, 64]
[114, 88, 63]
[115, 89, 64]
[117, 91, 66]
[118, 92, 67]
[114, 88, 63]
[114, 88, 63]
[115, 89, 64]
[116, 90, 65]
[116, 90, 65]
[117, 91, 66]
[118, 92, 67]
[118, 92, 67]
[117, 91, 66]
[117, 91, 66]
[117, 91, 66]
[117, 91, 66]
[118, 92, 67]
[118, 92, 67]
[119, 93, 68]
[119, 93, 68]
[115, 89, 64]
[116, 90, 65]
[117, 91, 66]
[116, 90, 65]
[116, 90, 65]
[117, 91, 66]
[119, 93, 68]
[121, 95, 70]
[119, 93, 66]
[119, 94, 64]
[120, 95, 65]
[120, 95, 65]
[120, 95, 65]
[121, 96, 66]
[121, 96, 66]
[121, 96, 66]
[121, 96, 66]
[123, 98, 68]
[126, 101, 71]
[128, 103, 73]
[131, 106, 76]
[131, 106, 76]
[131, 106, 76]
[131, 106, 76]
[136, 111, 81]
[135, 110, 80]
[134, 109, 79]
[135, 110, 80]
[137, 111, 84]
[138, 112, 85]
[137, 111, 84]
[136, 110, 83]
[134, 108, 81]
[132, 106, 79]
[129, 103, 76]
[126, 100, 73]
[123, 97, 72]
[129, 104, 74]
[129, 104, 74]
[129, 104, 74]
[129, 103, 76]
[127, 101, 74]
[126, 100, 73]
[125, 99, 72]
[120, 95, 65]
[120, 95, 65]
[121, 96, 66]
[121, 96, 66]
[120, 95, 65]
[119, 94, 64]
[117, 92, 62]
[117, 92, 62]
[119, 94, 64]
[119, 94, 64]
[120, 95, 65]
[121, 96, 66]
[121, 96, 66]
[122, 97, 67]
[122, 97, 67]
[123, 98, 68]
[125, 100, 70]
[127, 102, 72]
[128, 103, 73]
[128, 103, 73]
[127, 102, 72]
[126, 101, 71]
[128, 103, 73]
[129, 104, 74]
[128, 103, 73]
[128, 103, 73]
[127, 102, 72]
[126, 101, 71]
[125, 100, 70]
[124, 99, 69]
[123, 98, 68]
[122, 96, 69]
[122, 96, 69]
[120, 94, 69]
[117, 91, 66]
[115, 89, 64]
[115, 89, 64]
[115, 89, 64]
[117, 91, 66]
[118, 92, 67]
[114, 88, 63]
[115, 89, 64]
[116, 90, 65]
[117, 91, 66]
[118, 92, 67]
[119, 93, 68]
[120, 94, 69]
[121, 95, 70]
[116, 90, 65]
[116, 90, 65]
[117, 91, 66]
[117, 91, 66]
[118, 92, 67]
[118, 92, 67]
[119, 93, 68]
[119, 93, 68]
[117, 91, 66]
[118, 92, 67]
[118, 92, 67]
[117, 91, 66]
[117, 91, 66]
[118, 92, 67]
[121, 95, 70]
[123, 97, 70]
[119, 93, 66]
[119, 94, 64]
[120, 95, 65]
[120, 95, 65]
[120, 95, 65]
[121, 96, 66]
[121, 96, 66]
[121, 96, 66]
[120, 95, 65]
[122, 97, 67]
[126, 101, 71]
[130, 105, 75]
[132, 107, 77]
[132, 107, 77]
[131, 106, 76]
[131, 106, 76]
[136, 111, 81]
[135, 110, 80]
[134, 109, 79]
[135, 110, 80]
[137, 111, 84]
[137, 111, 84]
[137, 111, 84]
[136, 110, 83]
[132, 106, 79]
[131, 105, 78]
[129, 103, 76]
[126, 100, 73]
[124, 98, 71]
[129, 104, 74]
[129, 104, 74]
[129, 104, 74]
[128, 102, 75]
[126, 100, 73]
[124, 98, 71]
[123, 97, 70]
[124, 98, 71]
[123, 97, 70]
[122, 96, 69]
[120, 94, 67]
[119, 93, 66]
[119, 93, 66]
[120, 94, 67]
[120, 94, 67]
[122, 96, 69]
[120, 94, 67]
[118, 92, 65]
[117, 91, 64]
[118, 92, 65]
[121, 95, 68]
[125, 99, 72]
[127, 101, 74]
[126, 100, 73]
[124, 98, 71]
[123, 97, 70]
[125, 99, 72]
[128, 102, 75]
[129, 103, 76]
[128, 102, 75]
[126, 100, 73]
[126, 100, 73]
[126, 100, 73]
[125, 99, 72]
[124, 98, 71]
[123, 97, 70]
[122, 96, 69]
[121, 95, 68]
[121, 95, 68]
[119, 93, 66]
[116, 90, 63]
[113, 87, 60]
[113, 87, 60]
[116, 90, 63]
[118, 92, 65]
[117, 91, 64]
[115, 89, 62]
[116, 90, 63]
[116, 90, 63]
[116, 90, 63]
[116, 90, 63]
[116, 90, 63]
[116, 90, 63]
[116, 90, 63]
[116, 90, 63]
[111, 85, 58]
[114, 88, 61]
[116, 90, 63]
[117, 91, 64]
[116, 90, 63]
[117, 91, 64]
[119, 93, 66]
[122, 96, 69]
[122, 96, 69]
[121, 95, 68]
[118, 92, 65]
[117, 91, 64]
[117, 91, 64]
[119, 93, 66]
[122, 96, 69]
[124, 98, 71]
[122, 96, 69]
[122, 96, 69]
[121, 95, 68]
[121, 95, 68]
[120, 94, 67]
[119, 93, 66]
[118, 93, 63]
[118, 93, 63]
[120, 95, 65]
[122, 97, 67]
[127, 102, 72]
[130, 105, 75]
[132, 107, 77]
[132, 107, 77]
[131, 106, 76]
[130, 105, 75]
[133, 108, 78]
[134, 109, 79]
[135, 110, 80]
[136, 111, 81]
[136, 111, 81]
[134, 109, 79]
[133, 108, 78]
[132, 107, 77]
[131, 106, 76]
[130, 105, 75]
[129, 104, 74]
[126, 101, 71]
[124, 99, 69]
[129, 104, 74]
[129, 104, 74]
[128, 103, 73]
[127, 101, 74]
[126, 100, 73]
[125, 99, 72]
[124, 98, 71]
[125, 99, 72]
[124, 98, 71]
[122, 96, 69]
[120, 94, 67]
[120, 94, 67]
[119, 93, 66]
[120, 94, 67]
[120, 94, 67]
[120, 94, 67]
[119, 93, 66]
[118, 92, 65]
[118, 92, 65]
[119, 93, 66]
[122, 96, 69]
[125, 99, 72]
[126, 100, 73]
[125, 99, 72]
[124, 98, 71]
[123, 97, 70]
[124, 98, 71]
[127, 101, 74]
[128, 102, 75]
[127, 101, 74]
[126, 100, 73]
[128, 102, 75]
[127, 101, 74]
[127, 101, 74]
[126, 100, 73]
[125, 99, 72]
[124, 98, 71]
[123, 97, 70]
[123, 97, 70]
[119, 93, 66]
[117, 91, 64]
[115, 89, 62]
[115, 89, 62]
[115, 89, 62]
[116, 90, 63]
[116, 90, 63]
[116, 90, 63]
[114, 88, 61]
[114, 88, 61]
[114, 88, 61]
[114, 88, 61]
[114, 88, 61]
[114, 88, 61]
[114, 88, 61]
[114, 88, 61]
[112, 86, 59]
[114, 88, 61]
[117, 91, 64]
[117, 91, 64]
[116, 90, 63]
[116, 90, 63]
[118, 92, 65]
[120, 94, 67]
[122, 96, 69]
[120, 94, 67]
[118, 92, 65]
[117, 91, 64]
[117, 91, 64]
[119, 93, 66]
[122, 96, 69]
[124, 98, 71]
[122, 96, 69]
[121, 95, 68]
[121, 95, 68]
[120, 94, 67]
[119, 93, 66]
[119, 93, 66]
[118, 93, 63]
[118, 93, 63]
[119, 94, 64]
[122, 97, 67]
[125, 100, 70]
[129, 104, 74]
[131, 106, 76]
[131, 106, 76]
[130, 105, 75]
[129, 104, 74]
[134, 109, 79]
[134, 109, 79]
[135, 110, 80]
[135, 110, 80]
[134, 109, 79]
[134, 109, 79]
[133, 108, 78]
[133, 108, 78]
[131, 106, 76]
[130, 105, 75]
[128, 103, 73]
[126, 101, 71]
[123, 98, 68]
[130, 105, 75]
[129, 104, 74]
[127, 102, 72]
[126, 100, 73]
[126, 100, 73]
[126, 100, 73]
[126, 100, 73]
[125, 99, 72]
[124, 98, 71]
[122, 96, 69]
[121, 95, 68]
[120, 94, 67]
[119, 93, 66]
[120, 94, 67]
[120, 94, 67]
[118, 92, 65]
[118, 92, 65]
[119, 93, 66]
[120, 94, 67]
[121, 95, 68]
[123, 97, 70]
[124, 98, 71]
[125, 99, 72]
[123, 97, 70]
[123, 97, 70]
[122, 96, 69]
[123, 97, 70]
[125, 99, 72]
[126, 100, 73]
[126, 100, 73]
[125, 99, 72]
[129, 103, 76]
[129, 103, 76]
[128, 102, 75]
[127, 101, 74]
[126, 100, 73]
[125, 99, 72]
[124, 98, 71]
[124, 98, 71]
[120, 94, 67]
[119, 93, 66]
[118, 92, 65]
[116, 90, 63]
[114, 88, 61]
[114, 88, 61]
[115, 89, 62]
[116, 90, 63]
[113, 87, 60]
[113, 87, 60]
[113, 87, 60]
[113, 87, 60]
[113, 87, 60]
[113, 87, 60]
[113, 87, 60]
[113, 87, 60]
[114, 88, 61]
[115, 89, 62]
[116, 90, 63]
[116, 90, 63]
[115, 89, 62]
[115, 89, 62]
[116, 90, 63]
[118, 92, 65]
[121, 95, 68]
[120, 94, 67]
[118, 92, 65]
[117, 91, 64]
[117, 91, 64]
[119, 93, 66]
[121, 95, 68]
[123, 97, 70]
[121, 95, 68]
[121, 95, 68]
[120, 94, 67]
[120, 94, 67]
[119, 93, 66]
[118, 92, 65]
[118, 92, 65]
[118, 92, 65]
[119, 94, 64]
[121, 96, 66]
[124, 99, 69]
[128, 103, 73]
[130, 105, 75]
[130, 105, 75]
[130, 105, 75]
[129, 104, 74]
[135, 110, 80]
[135, 110, 80]
[134, 109, 79]
[133, 108, 78]
[133, 108, 78]
[133, 108, 78]
[133, 108, 78]
[133, 108, 78]
[131, 106, 76]
[129, 104, 74]
[127, 102, 72]
[125, 100, 70]
[122, 97, 67]
[131, 106, 76]
[129, 104, 74]
[127, 102, 72]
[126, 100, 73]
[126, 100, 73]
[126, 100, 73]
[127, 101, 74]
[126, 100, 73]
[125, 99, 72]
[123, 97, 70]
[121, 95, 68]
[120, 94, 67]
[119, 93, 66]
[119, 93, 66]
[120, 94, 67]
[116, 90, 63]
[117, 91, 64]
[119, 93, 66]
[121, 95, 68]
[123, 97, 70]
[124, 98, 71]
[124, 98, 71]
[124, 98, 71]
[122, 96, 69]
[122, 96, 69]
[122, 96, 69]
[123, 97, 70]
[124, 98, 71]
[125, 99, 72]
[125, 99, 72]
[125, 99, 72]
[129, 103, 76]
[128, 102, 75]
[128, 102, 75]
[127, 101, 74]
[126, 100, 73]
[125, 99, 72]
[124, 98, 71]
[124, 98, 71]
[120, 94, 67]
[121, 95, 68]
[121, 95, 68]
[118, 92, 65]
[114, 88, 61]
[112, 86, 59]
[113, 87, 60]
[116, 90, 63]
[113, 87, 60]
[113, 87, 60]
[113, 87, 60]
[113, 87, 60]
[113, 87, 60]
[113, 87, 60]
[113, 87, 60]
[113, 87, 60]
[115, 89, 62]
[116, 90, 63]
[116, 90, 63]
[116, 90, 63]
[115, 89, 62]
[115, 89, 62]
[115, 89, 62]
[115, 89, 62]
[119, 93, 66]
[119, 93, 66]
[118, 92, 65]
[117, 91, 64]
[117, 91, 64]
[119, 93, 66]
[120, 94, 67]
[121, 95, 68]
[120, 94, 67]
[120, 94, 67]
[119, 93, 66]
[119, 93, 66]
[118, 92, 65]
[118, 92, 65]
[118, 92, 65]
[118, 92, 65]
[120, 95, 65]
[122, 97, 67]
[124, 99, 69]
[127, 102, 72]
[129, 104, 74]
[130, 105, 75]
[130, 105, 75]
[130, 105, 75]
[136, 111, 81]
[135, 110, 80]
[134, 109, 79]
[132, 107, 77]
[132, 107, 77]
[132, 107, 77]
[133, 108, 78]
[133, 108, 78]
[130, 105, 75]
[129, 104, 74]
[127, 102, 72]
[124, 99, 69]
[121, 96, 66]
[131, 106, 76]
[129, 104, 74]
[127, 102, 72]
[126, 100, 73]
[126, 100, 73]
[127, 101, 74]
[127, 101, 74]
[127, 101, 74]
[126, 100, 73]
[124, 98, 71]
[122, 96, 69]
[120, 94, 67]
[119, 93, 66]
[119, 93, 66]
[119, 93, 66]
[116, 90, 63]
[118, 92, 65]
[120, 94, 67]
[122, 96, 69]
[123, 97, 70]
[123, 97, 70]
[123, 97, 70]
[122, 96, 69]
[122, 96, 69]
[123, 97, 70]
[123, 97, 70]
[124, 98, 71]
[124, 98, 71]
[125, 99, 72]
[125, 99, 72]
[126, 100, 73]
[127, 101, 74]
[127, 101, 74]
[126, 100, 73]
[125, 99, 72]
[124, 98, 71]
[123, 97, 70]
[122, 96, 69]
[122, 96, 69]
[120, 94, 69]
[121, 95, 70]
[121, 95, 70]
[117, 91, 66]
[113, 87, 62]
[111, 85, 60]
[113, 87, 62]
[115, 89, 64]
[115, 89, 64]
[115, 89, 64]
[115, 89, 64]
[115, 89, 64]
[115, 89, 64]
[115, 89, 64]
[115, 89, 64]
[115, 89, 64]
[116, 90, 65]
[115, 89, 64]
[115, 89, 64]
[114, 88, 63]
[115, 89, 64]
[114, 88, 63]
[114, 88, 63]
[113, 87, 62]
[118, 92, 67]
[118, 92, 67]
[117, 91, 66]
[117, 91, 66]
[117, 91, 66]
[118, 92, 67]
[119, 93, 68]
[120, 94, 69]
[119, 93, 66]
[119, 93, 66]
[118, 92, 65]
[118, 92, 65]
[118, 92, 65]
[118, 92, 65]
[117, 91, 64]
[117, 91, 64]
[121, 96, 66]
[123, 98, 68]
[125, 100, 70]
[127, 102, 72]
[129, 104, 74]
[131, 106, 76]
[132, 107, 77]
[132, 107, 77]
[137, 112, 82]
[135, 110, 80]
[134, 109, 79]
[132, 107, 77]
[131, 106, 76]
[131, 106, 76]
[132, 107, 77]
[133, 108, 78]
[129, 104, 74]
[128, 103, 73]
[127, 102, 72]
[124, 99, 69]
[122, 97, 67]
[131, 106, 76]
[130, 105, 75]
[128, 103, 73]
[127, 101, 74]
[127, 101, 74]
[127, 101, 74]
[127, 101, 74]
[128, 102, 75]
[126, 100, 73]
[124, 98, 71]
[122, 96, 69]
[120, 94, 67]
[120, 94, 67]
[119, 93, 66]
[119, 93, 66]
[118, 92, 65]
[119, 93, 66]
[121, 95, 68]
[123, 97, 70]
[123, 97, 70]
[122, 96, 69]
[121, 95, 68]
[120, 94, 67]
[123, 97, 70]
[124, 98, 71]
[125, 99, 72]
[125, 99, 72]
[125, 99, 72]
[125, 99, 72]
[126, 100, 73]
[128, 102, 75]
[126, 100, 73]
[125, 99, 72]
[125, 99, 72]
[124, 98, 71]
[123, 97, 70]
[122, 96, 69]
[121, 95, 68]
[121, 95, 68]
[120, 94, 69]
[120, 94, 69]
[118, 92, 67]
[116, 90, 65]
[113, 87, 62]
[112, 86, 61]
[113, 87, 62]
[114, 88, 63]
[115, 89, 64]
[115, 89, 64]
[115, 89, 64]
[115, 89, 64]
[115, 89, 64]
[115, 89, 64]
[115, 89, 64]
[115, 89, 64]
[115, 89, 64]
[114, 88, 63]
[113, 87, 62]
[113, 87, 62]
[114, 88, 63]
[115, 89, 64]
[114, 88, 63]
[113, 87, 62]
[117, 91, 66]
[117, 91, 66]
[117, 91, 66]
[117, 91, 66]
[118, 92, 67]
[118, 92, 67]
[118, 92, 67]
[118, 92, 67]
[118, 92, 65]
[118, 92, 65]
[117, 91, 64]
[117, 91, 64]
[117, 91, 64]
[117, 91, 64]
[117, 91, 64]
[117, 91, 64]
[122, 97, 67]
[122, 97, 67]
[124, 99, 69]
[126, 101, 71]
[128, 103, 73]
[130, 105, 75]
[131, 106, 76]
[132, 107, 77]
[136, 111, 81]
[135, 110, 80]
[134, 109, 79]
[133, 108, 78]
[132, 107, 77]
[131, 106, 76]
[131, 106, 76]
[131, 106, 76]
[129, 104, 74]
[128, 103, 73]
[127, 102, 72]
[125, 100, 70]
[123, 98, 68]
[131, 106, 76]
[130, 105, 75]
[130, 105, 75]
[129, 103, 76]
[128, 102, 75]
[126, 100, 73]
[126, 100, 73]
[128, 102, 75]
[127, 101, 74]
[125, 99, 72]
[122, 96, 69]
[121, 95, 68]
[120, 94, 67]
[119, 93, 66]
[119, 93, 66]
[121, 95, 68]
[121, 95, 68]
[122, 96, 69]
[122, 96, 69]
[122, 96, 69]
[121, 95, 68]
[120, 94, 67]
[119, 93, 66]
[124, 98, 71]
[126, 100, 73]
[127, 101, 74]
[127, 101, 74]
[126, 100, 73]
[126, 100, 73]
[128, 102, 75]
[130, 104, 77]
[126, 100, 73]
[125, 99, 72]
[125, 99, 72]
[124, 98, 71]
[123, 97, 70]
[122, 96, 69]
[121, 95, 68]
[121, 95, 68]
[120, 94, 69]
[118, 92, 67]
[115, 89, 64]
[114, 88, 63]
[113, 87, 62]
[113, 87, 62]
[113, 87, 62]
[112, 86, 61]
[114, 88, 63]
[114, 88, 63]
[114, 88, 63]
[114, 88, 63]
[114, 88, 63]
[114, 88, 63]
[114, 88, 63]
[114, 88, 63]
[114, 88, 63]
[113, 87, 62]
[111, 85, 60]
[112, 86, 61]
[114, 88, 63]
[115, 89, 64]
[114, 88, 63]
[113, 87, 62]
[115, 89, 64]
[116, 90, 65]
[117, 91, 66]
[117, 91, 66]
[118, 92, 67]
[118, 92, 67]
[117, 91, 66]
[117, 91, 66]
[117, 91, 66]
[117, 91, 66]
[117, 91, 64]
[117, 91, 64]
[117, 91, 64]
[117, 91, 64]
[117, 91, 64]
[117, 91, 64]
[120, 94, 67]
[121, 95, 68]
[122, 97, 67]
[123, 98, 68]
[125, 100, 70]
[127, 102, 72]
[129, 104, 74]
[130, 105, 75]
[135, 110, 80]
[135, 110, 80]
[134, 109, 79]
[134, 109, 79]
[133, 108, 78]
[131, 106, 76]
[130, 105, 75]
[129, 104, 74]
[128, 103, 73]
[128, 103, 73]
[127, 102, 72]
[126, 101, 71]
[125, 100, 70]
[130, 105, 75]
[131, 106, 76]
[131, 106, 76]
[130, 104, 77]
[128, 102, 75]
[126, 100, 73]
[125, 99, 72]
[129, 103, 76]
[127, 101, 74]
[125, 99, 72]
[123, 97, 70]
[121, 95, 68]
[120, 94, 67]
[119, 93, 66]
[119, 93, 66]
[123, 97, 70]
[123, 97, 70]
[123, 97, 70]
[122, 96, 69]
[121, 95, 68]
[120, 94, 67]
[119, 93, 66]
[118, 92, 65]
[125, 99, 72]
[127, 101, 74]
[129, 103, 76]
[129, 103, 76]
[127, 101, 74]
[127, 101, 74]
[129, 103, 76]
[131, 105, 78]
[126, 100, 73]
[126, 100, 73]
[125, 99, 72]
[124, 98, 71]
[123, 97, 70]
[122, 96, 69]
[122, 96, 69]
[121, 95, 68]
[119, 93, 68]
[116, 90, 65]
[113, 87, 62]
[112, 86, 61]
[114, 88, 63]
[115, 89, 64]
[113, 87, 62]
[111, 85, 60]
[112, 86, 61]
[112, 86, 61]
[112, 86, 61]
[112, 86, 61]
[112, 86, 61]
[112, 86, 61]
[112, 86, 61]
[112, 86, 61]
[113, 87, 62]
[112, 86, 61]
[110, 84, 59]
[112, 86, 61]
[115, 89, 64]
[116, 90, 65]
[115, 89, 64]
[113, 87, 62]
[115, 89, 64]
[116, 90, 65]
[116, 90, 65]
[117, 91, 66]
[118, 92, 67]
[117, 91, 66]
[117, 91, 66]
[117, 91, 66]
[116, 90, 65]
[116, 90, 65]
[116, 90, 63]
[117, 91, 64]
[117, 91, 64]
[117, 91, 64]
[117, 91, 64]
[117, 91, 64]
[118, 92, 65]
[119, 93, 66]
[119, 94, 64]
[121, 96, 66]
[123, 98, 68]
[125, 100, 70]
[127, 102, 72]
[129, 104, 74]
[134, 109, 79]
[134, 109, 79]
[135, 110, 80]
[134, 109, 79]
[133, 108, 78]
[131, 106, 76]
[129, 104, 74]
[128, 103, 73]
[128, 103, 73]
[128, 103, 73]
[128, 103, 73]
[127, 102, 72]
[127, 102, 72]
[133, 108, 78]
[132, 107, 77]
[132, 107, 77]
[130, 104, 77]
[128, 102, 75]
[126, 100, 73]
[125, 99, 72]
[125, 99, 72]
[125, 99, 72]
[123, 97, 70]
[119, 93, 66]
[118, 92, 65]
[121, 95, 68]
[123, 97, 70]
[122, 96, 69]
[117, 91, 64]
[119, 93, 66]
[121, 95, 68]
[121, 95, 68]
[120, 94, 67]
[118, 92, 65]
[118, 92, 65]
[118, 92, 65]
[121, 95, 68]
[125, 99, 72]
[128, 102, 75]
[128, 102, 75]
[125, 99, 72]
[124, 98, 71]
[128, 102, 75]
[132, 106, 79]
[130, 104, 77]
[129, 103, 76]
[129, 103, 76]
[128, 102, 75]
[126, 100, 73]
[124, 98, 71]
[122, 96, 69]
[121, 95, 68]
[120, 94, 69]
[118, 92, 67]
[115, 89, 64]
[114, 88, 63]
[113, 87, 62]
[113, 87, 62]
[113, 87, 62]
[112, 86, 61]
[111, 85, 60]
[111, 85, 60]
[110, 84, 59]
[110, 84, 59]
[111, 85, 60]
[112, 86, 61]
[113, 87, 62]
[114, 88, 63]
[114, 88, 63]
[111, 85, 60]
[107, 81, 56]
[107, 81, 56]
[112, 86, 61]
[117, 91, 66]
[114, 88, 63]
[109, 83, 58]
[111, 85, 60]
[113, 87, 62]
[116, 90, 65]
[116, 90, 65]
[116, 90, 65]
[115, 89, 64]
[116, 90, 65]
[117, 91, 66]
[115, 89, 64]
[115, 89, 64]
[117, 91, 66]
[119, 93, 68]
[121, 95, 70]
[120, 94, 69]
[117, 91, 64]
[114, 88, 61]
[113, 87, 60]
[114, 88, 61]
[117, 91, 64]
[120, 94, 67]
[123, 97, 70]
[127, 101, 74]
[129, 104, 74]
[131, 106, 76]
[130, 105, 75]
[131, 106, 76]
[133, 108, 78]
[134, 109, 79]
[135, 110, 80]
[134, 109, 79]
[132, 107, 77]
[131, 106, 76]
[129, 104, 74]
[129, 104, 74]
[129, 104, 74]
[128, 103, 73]
[127, 102, 72]
[133, 108, 78]
[133, 108, 78]
[132, 107, 77]
[130, 104, 77]
[128, 102, 75]
[126, 100, 73]
[125, 99, 72]
[125, 99, 72]
[125, 99, 72]
[123, 97, 70]
[119, 93, 66]
[118, 92, 65]
[121, 95, 68]
[123, 97, 70]
[122, 96, 69]
[119, 93, 66]
[120, 94, 67]
[122, 96, 69]
[122, 96, 69]
[120, 94, 67]
[120, 94, 67]
[120, 94, 67]
[121, 95, 68]
[123, 97, 70]
[125, 99, 72]
[128, 102, 75]
[127, 101, 74]
[126, 100, 73]
[126, 100, 73]
[128, 102, 75]
[131, 105, 78]
[130, 104, 77]
[130, 104, 77]
[131, 105, 78]
[130, 104, 77]
[128, 102, 75]
[126, 100, 73]
[123, 97, 70]
[122, 96, 69]
[119, 93, 68]
[118, 92, 67]
[115, 89, 64]
[114, 88, 63]
[113, 87, 62]
[112, 86, 61]
[112, 86, 61]
[112, 86, 61]
[112, 86, 61]
[111, 85, 60]
[110, 84, 59]
[109, 83, 58]
[110, 84, 59]
[111, 85, 60]
[113, 87, 62]
[114, 88, 63]
[114, 88, 63]
[111, 85, 60]
[107, 81, 56]
[106, 80, 55]
[111, 85, 60]
[116, 90, 65]
[114, 88, 63]
[109, 83, 58]
[108, 82, 57]
[110, 84, 59]
[113, 87, 62]
[114, 88, 63]
[114, 88, 63]
[114, 88, 63]
[115, 89, 64]
[116, 90, 65]
[115, 89, 64]
[115, 89, 64]
[116, 90, 65]
[118, 92, 67]
[120, 94, 69]
[120, 94, 69]
[117, 91, 64]
[115, 89, 62]
[115, 89, 62]
[116, 90, 63]
[118, 92, 65]
[121, 95, 68]
[124, 98, 71]
[127, 101, 74]
[129, 104, 74]
[130, 105, 75]
[129, 104, 74]
[131, 106, 76]
[133, 108, 78]
[136, 111, 81]
[136, 111, 81]
[135, 110, 80]
[134, 109, 79]
[132, 107, 77]
[130, 105, 75]
[130, 105, 75]
[129, 104, 74]
[129, 104, 74]
[127, 102, 72]
