[71, 92, 130]
[70, 91, 129]
[69, 91, 126]
[68, 90, 122]
[62, 82, 115]
[60, 77, 109]
[56, 70, 102]
[52, 63, 94]
[51, 58, 87]
[46, 50, 78]
[45, 46, 72]
[40, 41, 66]
[38, 41, 63]
[40, 42, 64]
[40, 41, 63]
[36, 38, 60]
[34, 36, 57]
[34, 38, 57]
[31, 38, 56]
[31, 40, 56]
[30, 40, 56]
[29, 37, 54]
[30, 38, 55]
[31, 37, 55]
[32, 38, 55]
[33, 37, 55]
[34, 37, 55]
[33, 36, 55]
[36, 40, 61]
[37, 43, 65]
[36, 44, 69]
[36, 47, 72]
[40, 51, 79]
[43, 54, 82]
[40, 54, 83]
[45, 63, 91]
[49, 72, 100]
[63, 90, 119]
[70, 101, 131]
[80, 113, 145]
[81, 114, 148]
[85, 120, 154]
[87, 127, 160]
[85, 129, 160]
[71, 116, 148]
[58, 101, 133]
[50, 86, 117]
[36, 61, 93]
[29, 44, 73]
[26, 33, 59]
[71, 95, 135]
[70, 95, 134]
[70, 95, 132]
[68, 94, 129]
[68, 92, 126]
[64, 85, 119]
[59, 76, 110]
[56, 69, 101]
[53, 62, 93]
[49, 55, 84]
[47, 49, 77]
[43, 46, 71]
[42, 44, 68]
[38, 40, 64]
[35, 36, 60]
[34, 35, 59]
[33, 34, 57]
[29, 36, 56]
[29, 37, 57]
[28, 39, 57]
[28, 40, 57]
[27, 39, 55]
[29, 39, 55]
[31, 39, 56]
[31, 37, 54]
[31, 36, 54]
[33, 36, 55]
[35, 36, 56]
[34, 38, 59]
[35, 43, 65]
[34, 45, 69]
[34, 45, 73]
[37, 49, 78]
[39, 51, 81]
[40, 52, 83]
[45, 62, 92]
[49, 71, 99]
[58, 86, 114]
[70, 100, 130]
[79, 108, 141]
[77, 108, 144]
[83, 115, 150]
[83, 121, 155]
[85, 125, 158]
[76, 116, 150]
[63, 102, 135]
[50, 85, 117]
[38, 62, 94]
[30, 45, 74]
[25, 31, 58]
[69, 95, 137]
[67, 95, 136]
[67, 97, 136]
[67, 97, 134]
[68, 96, 131]
[66, 92, 126]
[64, 86, 120]
[59, 78, 110]
[56, 70, 101]
[53, 63, 93]
[48, 55, 83]
[45, 49, 76]
[41, 43, 70]
[37, 39, 64]
[34, 36, 61]
[34, 35, 59]
[33, 36, 58]
[29, 36, 57]
[27, 38, 57]
[28, 40, 58]
[26, 41, 58]
[27, 40, 57]
[28, 38, 57]
[31, 40, 58]
[30, 36, 54]
[29, 34, 53]
[32, 35, 53]
[34, 37, 56]
[35, 40, 59]
[37, 46, 66]
[31, 43, 65]
[29, 45, 69]
[30, 45, 73]
[30, 43, 75]
[43, 56, 87]
[47, 62, 93]
[51, 71, 100]
[58, 85, 113]
[56, 87, 114]
[69, 97, 130]
[78, 108, 142]
[82, 110, 148]
[84, 119, 156]
[87, 124, 160]
[77, 116, 151]
[65, 102, 135]
[51, 84, 118]
[42, 68, 99]
[37, 52, 81]
[24, 32, 57]
[63, 91, 134]
[66, 96, 138]
[66, 98, 138]
[65, 98, 136]
[65, 97, 134]
[66, 96, 131]
[66, 93, 126]
[62, 86, 117]
[57, 76, 107]
[56, 70, 99]
[54, 63, 92]
[47, 53, 82]
[42, 46, 74]
[37, 41, 67]
[33, 37, 62]
[34, 37, 62]
[33, 38, 61]
[28, 36, 58]
[26, 37, 58]
[26, 38, 58]
[23, 38, 57]
[25, 39, 57]
[27, 38, 57]
[32, 38, 58]
[32, 37, 56]
[32, 33, 54]
[34, 35, 54]
[34, 37, 55]
[35, 41, 57]
[31, 42, 60]
[27, 41, 61]
[29, 46, 69]
[27, 46, 72]
[30, 47, 78]
[41, 57, 88]
[46, 62, 94]
[51, 71, 99]
[53, 80, 108]
[54, 83, 114]
[64, 94, 126]
[77, 109, 145]
[81, 112, 150]
[84, 116, 157]
[83, 119, 158]
[77, 115, 153]
[62, 99, 135]
[53, 85, 119]
[48, 73, 105]
[38, 55, 83]
[27, 35, 61]
[57, 86, 127]
[61, 91, 133]
[65, 97, 138]
[64, 97, 137]
[63, 97, 136]
[65, 98, 134]
[66, 96, 130]
[65, 91, 124]
[59, 82, 113]
[57, 75, 105]
[51, 64, 93]
[46, 55, 84]
[43, 50, 78]
[35, 41, 68]
[34, 38, 64]
[32, 39, 63]
[30, 37, 59]
[27, 35, 57]
[25, 36, 56]
[25, 38, 57]
[23, 38, 56]
[23, 36, 54]
[26, 37, 56]
[31, 38, 58]
[33, 36, 56]
[31, 33, 53]
[35, 35, 55]
[35, 38, 56]
[32, 37, 54]
[28, 37, 54]
[26, 39, 59]
[28, 46, 68]
[32, 51, 77]
[33, 54, 82]
[36, 55, 85]
[39, 57, 88]
[43, 63, 94]
[49, 74, 104]
[49, 81, 111]
[61, 95, 127]
[68, 102, 139]
[77, 114, 151]
[78, 113, 154]
[74, 111, 152]
[74, 112, 151]
[59, 95, 133]
[52, 85, 121]
[50, 76, 108]
[39, 55, 84]
[28, 37, 62]
[52, 78, 117]
[54, 84, 123]
[58, 90, 131]
[63, 96, 137]
[63, 97, 137]
[66, 99, 136]
[68, 100, 135]
[65, 94, 127]
[62, 88, 120]
[55, 76, 107]
[48, 64, 95]
[48, 60, 89]
[41, 50, 78]
[34, 43, 68]
[33, 41, 65]
[32, 40, 63]
[32, 39, 61]
[29, 36, 57]
[26, 35, 54]
[26, 37, 54]
[25, 37, 53]
[23, 36, 53]
[27, 36, 54]
[29, 34, 54]
[27, 28, 50]
[31, 30, 53]
[36, 37, 58]
[35, 36, 55]
[32, 36, 54]
[29, 38, 55]
[29, 41, 60]
[29, 46, 67]
[31, 50, 74]
[29, 50, 76]
[30, 51, 79]
[35, 54, 84]
[40, 61, 92]
[43, 69, 100]
[50, 79, 113]
[56, 88, 123]
[63, 98, 135]
[65, 102, 141]
[68, 102, 144]
[66, 102, 144]
[63, 99, 142]
[59, 94, 134]
[55, 85, 122]
[45, 71, 104]
[38, 57, 85]
[29, 39, 63]
[44, 69, 104]
[51, 80, 115]
[57, 88, 125]
[60, 93, 132]
[64, 97, 137]
[65, 97, 136]
[66, 98, 135]
[65, 95, 130]
[63, 90, 125]
[56, 80, 113]
[50, 70, 102]
[47, 62, 92]
[39, 50, 78]
[37, 48, 73]
[36, 45, 69]
[35, 42, 66]
[30, 37, 59]
[24, 30, 52]
[26, 32, 53]
[28, 36, 53]
[24, 35, 49]
[24, 35, 49]
[28, 36, 52]
[27, 32, 49]
[28, 29, 49]
[33, 30, 52]
[35, 32, 53]
[33, 34, 54]
[32, 35, 53]
[31, 38, 56]
[29, 40, 59]
[27, 42, 62]
[28, 45, 67]
[28, 47, 72]
[31, 51, 78]
[34, 54, 83]
[36, 60, 91]
[38, 64, 98]
[46, 77, 111]
[54, 86, 122]
[55, 91, 129]
[54, 92, 132]
[58, 94, 136]
[59, 95, 137]
[59, 94, 136]
[60, 93, 134]
[56, 85, 123]
[42, 67, 101]
[42, 61, 90]
[29, 44, 70]
[40, 63, 92]
[46, 72, 104]
[52, 82, 116]
[58, 89, 127]
[61, 93, 132]
[63, 96, 135]
[62, 95, 134]
[64, 94, 131]
[62, 90, 127]
[57, 83, 119]
[53, 75, 108]
[46, 64, 95]
[43, 57, 84]
[40, 52, 77]
[36, 47, 70]
[33, 42, 65]
[23, 30, 54]
[27, 32, 54]
[31, 35, 55]
[29, 33, 52]
[24, 33, 47]
[26, 37, 49]
[31, 40, 53]
[30, 35, 50]
[28, 31, 49]
[31, 30, 49]
[31, 28, 48]
[33, 32, 51]
[32, 35, 53]
[31, 37, 56]
[31, 41, 60]
[28, 42, 63]
[27, 43, 65]
[30, 47, 71]
[32, 53, 79]
[34, 54, 83]
[34, 57, 89]
[39, 64, 98]
[40, 71, 107]
[45, 78, 116]
[47, 82, 121]
[52, 87, 127]
[56, 90, 132]
[54, 91, 133]
[55, 91, 133]
[56, 89, 130]
[52, 80, 118]
[43, 66, 101]
[42, 60, 91]
[28, 45, 73]
[35, 55, 79]
[41, 64, 94]
[44, 72, 103]
[52, 81, 117]
[58, 90, 128]
[61, 94, 132]
[62, 95, 133]
[64, 94, 132]
[60, 90, 128]
[56, 84, 121]
[57, 81, 114]
[45, 66, 97]
[42, 58, 89]
[37, 51, 78]
[36, 47, 72]
[31, 39, 64]
[27, 33, 59]
[26, 31, 55]
[31, 35, 56]
[31, 35, 54]
[27, 33, 49]
[27, 36, 49]
[26, 36, 48]
[27, 36, 49]
[28, 33, 48]
[31, 32, 50]
[31, 30, 49]
[31, 31, 50]
[32, 34, 52]
[33, 37, 57]
[30, 39, 59]
[27, 41, 62]
[29, 45, 66]
[32, 48, 72]
[32, 52, 78]
[33, 56, 83]
[35, 60, 90]
[36, 63, 96]
[39, 69, 106]
[43, 73, 112]
[43, 76, 115]
[46, 78, 118]
[51, 85, 126]
[51, 89, 130]
[52, 88, 130]
[52, 85, 125]
[43, 73, 111]
[40, 61, 98]
[34, 51, 86]
[29, 44, 75]
[29, 44, 67]
[35, 55, 82]
[42, 65, 96]
[48, 74, 109]
[53, 85, 121]
[57, 92, 129]
[61, 94, 132]
[63, 95, 133]
[61, 90, 129]
[53, 81, 119]
[55, 80, 116]
[48, 69, 102]
[43, 58, 89]
[37, 51, 79]
[37, 47, 73]
[32, 39, 66]
[32, 39, 64]
[30, 34, 60]
[31, 35, 57]
[30, 34, 55]
[26, 32, 50]
[26, 34, 48]
[24, 34, 48]
[24, 34, 47]
[26, 33, 47]
[28, 32, 48]
[29, 31, 48]
[30, 32, 50]
[31, 34, 53]
[32, 37, 57]
[31, 40, 61]
[26, 39, 61]
[26, 41, 65]
[31, 49, 73]
[31, 52, 77]
[33, 56, 82]
[34, 58, 88]
[36, 63, 95]
[42, 70, 105]
[40, 68, 106]
[40, 70, 109]
[43, 74, 113]
[42, 76, 115]
[43, 82, 121]
[45, 84, 124]
[41, 74, 116]
[35, 65, 103]
[34, 55, 92]
[31, 46, 81]
[29, 41, 73]
[28, 37, 58]
[34, 48, 75]
[44, 62, 93]
[46, 71, 105]
[48, 79, 115]
[58, 89, 126]
[59, 92, 130]
[65, 96, 134]
[61, 90, 130]
[53, 79, 119]
[50, 75, 113]
[50, 71, 106]
[40, 58, 92]
[40, 54, 84]
[37, 48, 76]
[33, 42, 70]
[30, 37, 64]
[30, 37, 63]
[30, 35, 59]
[28, 33, 56]
[25, 31, 51]
[25, 33, 50]
[24, 34, 49]
[23, 33, 48]
[24, 33, 48]
[26, 33, 48]
[29, 33, 49]
[27, 31, 49]
[30, 34, 53]
[32, 37, 59]
[29, 36, 61]
[24, 37, 60]
[27, 41, 66]
[34, 51, 75]
[32, 54, 79]
[30, 53, 80]
[31, 56, 84]
[36, 62, 93]
[36, 63, 96]
[36, 64, 100]
[40, 70, 107]
[43, 74, 112]
[41, 76, 113]
[41, 79, 116]
[39, 78, 117]
[37, 72, 111]
[33, 63, 101]
[26, 48, 84]
[27, 42, 77]
[26, 38, 69]
[26, 30, 49]
[31, 37, 62]
[40, 52, 84]
[46, 67, 102]
[49, 76, 113]
[54, 82, 120]
[55, 88, 127]
[61, 89, 130]
[63, 90, 130]
[52, 77, 117]
[45, 69, 109]
[51, 70, 108]
[42, 60, 95]
[40, 52, 86]
[34, 42, 75]
[32, 40, 70]
[27, 35, 64]
[26, 35, 61]
[24, 33, 57]
[25, 33, 56]
[26, 32, 54]
[25, 32, 52]
[24, 33, 51]
[23, 33, 50]
[24, 33, 50]
[27, 34, 50]
[30, 36, 53]
[27, 33, 51]
[26, 31, 52]
[27, 31, 55]
[30, 36, 62]
[28, 39, 65]
[29, 42, 68]
[34, 50, 75]
[33, 53, 79]
[31, 53, 80]
[34, 56, 84]
[34, 56, 87]
[31, 56, 89]
[37, 64, 97]
[38, 68, 102]
[38, 70, 105]
[37, 72, 107]
[37, 74, 110]
[37, 73, 110]
[28, 62, 100]
[26, 56, 91]
[27, 48, 83]
[26, 41, 73]
[25, 36, 65]
[26, 21, 38]
[28, 29, 52]
[33, 39, 70]
[43, 57, 93]
[45, 69, 106]
[50, 75, 114]
[55, 83, 124]
[57, 83, 125]
[57, 80, 122]
[51, 72, 115]
[47, 69, 111]
[47, 66, 105]
[42, 60, 97]
[36, 49, 86]
[34, 43, 77]
[28, 36, 67]
[28, 36, 65]
[27, 38, 64]
[26, 37, 62]
[24, 34, 58]
[26, 36, 58]
[23, 32, 53]
[22, 32, 52]
[22, 33, 51]
[22, 34, 50]
[22, 32, 48]
[24, 31, 49]
[26, 34, 52]
[24, 29, 51]
[23, 28, 53]
[28, 35, 61]
[27, 37, 64]
[31, 43, 69]
[34, 49, 74]
[31, 49, 75]
[34, 54, 80]
[36, 54, 82]
[32, 53, 83]
[34, 58, 89]
[34, 62, 94]
[32, 63, 95]
[34, 66, 98]
[36, 68, 101]
[35, 66, 101]
[31, 63, 99]
[26, 55, 90]
[24, 51, 83]
[27, 48, 78]
[23, 38, 67]
[23, 33, 60]
[24, 17, 32]
[28, 23, 46]
[30, 31, 59]
[33, 44, 77]
[37, 56, 93]
[45, 66, 106]
[51, 75, 118]
[52, 76, 119]
[49, 70, 114]
[50, 70, 115]
[48, 69, 112]
[42, 61, 102]
[38, 57, 95]
[37, 51, 87]
[37, 47, 79]
[30, 39, 68]
[30, 38, 65]
[30, 39, 64]
[32, 42, 66]
[27, 38, 61]
[27, 37, 60]
[25, 36, 58]
[23, 34, 55]
[24, 35, 56]
[21, 34, 51]
[21, 33, 49]
[21, 30, 48]
[23, 33, 52]
[24, 32, 53]
[25, 32, 57]
[26, 32, 60]
[26, 36, 63]
[30, 40, 67]
[32, 45, 71]
[33, 49, 75]
[34, 51, 78]
[34, 52, 80]
[34, 54, 83]
[33, 59, 88]
[30, 60, 89]
[27, 61, 90]
[29, 61, 92]
[33, 63, 96]
[32, 60, 94]
[31, 58, 91]
[29, 53, 86]
[24, 47, 77]
[22, 41, 68]
[21, 35, 60]
[20, 28, 53]
[26, 16, 31]
[29, 21, 42]
[26, 22, 52]
[30, 34, 67]
[37, 48, 84]
[46, 63, 101]
[44, 65, 108]
[51, 70, 113]
[51, 70, 114]
[48, 68, 113]
[43, 64, 108]
[38, 59, 99]
[37, 58, 95]
[35, 53, 86]
[35, 48, 78]
[33, 44, 71]
[29, 38, 63]
[29, 38, 62]
[32, 42, 64]
[30, 42, 63]
[26, 38, 60]
[25, 37, 59]
[24, 36, 58]
[24, 37, 57]
[21, 35, 54]
[19, 32, 50]
[19, 31, 50]
[23, 34, 53]
[23, 34, 55]
[24, 33, 58]
[22, 30, 57]
[23, 34, 61]
[28, 39, 66]
[33, 46, 72]
[32, 47, 74]
[29, 46, 73]
[30, 51, 78]
[29, 54, 82]
[28, 57, 85]
[28, 62, 88]
[29, 63, 90]
[30, 62, 91]
[30, 59, 89]
[29, 54, 86]
[30, 53, 85]
[31, 53, 82]
[25, 46, 73]
[18, 35, 60]
[16, 28, 51]
[18, 25, 48]
[26, 17, 31]
[26, 16, 37]
[28, 21, 48]
[27, 28, 59]
[33, 39, 74]
[39, 50, 86]
[44, 61, 99]
[48, 66, 107]
[50, 68, 111]
[44, 64, 108]
[39, 61, 103]
[38, 62, 100]
[37, 61, 94]
[32, 55, 86]
[32, 49, 76]
[34, 44, 70]
[34, 40, 64]
[33, 39, 62]
[30, 39, 61]
[30, 40, 61]
[28, 38, 60]
[25, 37, 59]
[22, 34, 56]
[23, 35, 56]
[20, 33, 52]
[17, 32, 50]
[19, 32, 51]
[19, 32, 51]
[18, 31, 52]
[18, 29, 53]
[20, 29, 54]
[23, 33, 59]
[29, 39, 65]
[31, 45, 71]
[28, 46, 72]
[27, 48, 74]
[27, 52, 78]
[26, 56, 82]
[25, 59, 84]
[26, 60, 85]
[29, 64, 90]
[30, 61, 88]
[31, 59, 88]
[31, 55, 85]
[27, 50, 80]
[27, 48, 76]
[27, 45, 70]
[21, 36, 58]
[18, 27, 49]
[19, 24, 44]
[24, 13, 27]
[24, 15, 34]
[26, 17, 42]
[26, 22, 51]
[34, 36, 66]
[34, 42, 74]
[45, 58, 91]
[47, 63, 99]
[46, 63, 102]
[42, 61, 102]
[39, 62, 101]
[38, 65, 99]
[32, 59, 90]
[31, 57, 84]
[26, 48, 73]
[30, 45, 69]
[34, 43, 67]
[35, 39, 64]
[32, 36, 60]
[30, 37, 60]
[28, 37, 60]
[26, 37, 60]
[23, 35, 57]
[25, 37, 58]
[23, 36, 55]
[16, 29, 49]
[17, 31, 50]
[19, 32, 52]
[18, 30, 52]
[18, 29, 52]
[23, 32, 55]
[21, 31, 56]
[29, 41, 65]
[32, 49, 73]
[28, 48, 73]
[25, 49, 75]
[27, 55, 80]
[28, 59, 84]
[25, 59, 83]
[26, 60, 84]
[27, 60, 84]
[28, 58, 85]
[29, 56, 85]
[31, 56, 85]
[28, 51, 78]
[24, 45, 72]
[23, 40, 65]
[22, 36, 58]
[17, 26, 48]
[20, 26, 46]
[22, 9, 23]
[26, 15, 32]
[29, 20, 40]
[27, 21, 46]
[30, 29, 55]
[38, 43, 70]
[41, 52, 81]
[41, 56, 87]
[37, 55, 89]
[39, 60, 95]
[40, 63, 98]
[32, 59, 91]
[27, 58, 85]
[24, 53, 77]
[24, 49, 72]
[27, 47, 71]
[34, 46, 70]
[37, 44, 69]
[37, 41, 66]
[29, 33, 59]
[27, 34, 59]
[26, 37, 60]
[27, 38, 60]
[28, 38, 60]
[27, 37, 58]
[20, 33, 53]
[19, 31, 52]
[20, 32, 53]
[21, 33, 53]
[23, 34, 56]
[26, 35, 58]
[25, 36, 60]
[25, 39, 64]
[27, 45, 70]
[28, 52, 76]
[25, 52, 77]
[26, 55, 79]
[24, 56, 80]
[24, 59, 82]
[25, 60, 83]
[25, 58, 84]
[26, 58, 85]
[27, 57, 85]
[27, 54, 84]
[24, 50, 77]
[22, 44, 70]
[24, 41, 65]
[21, 35, 58]
[17, 26, 48]
[20, 25, 45]
[24, 8, 20]
[25, 13, 27]
[26, 14, 32]
[29, 22, 42]
[28, 26, 47]
[39, 44, 67]
[40, 49, 74]
[41, 53, 79]
[34, 52, 79]
[30, 52, 81]
[33, 59, 88]
[30, 58, 86]
[26, 57, 82]
[23, 51, 76]
[21, 47, 71]
[24, 46, 70]
[28, 44, 69]
[36, 46, 73]
[35, 42, 71]
[26, 32, 60]
[25, 32, 60]
[29, 37, 62]
[29, 38, 61]
[28, 38, 60]
[27, 36, 58]
[23, 34, 55]
[22, 33, 54]
[23, 32, 53]
[21, 32, 52]
[26, 35, 56]
[26, 35, 58]
[27, 40, 62]
[28, 43, 65]
[27, 45, 68]
[26, 50, 74]
[26, 53, 77]
[25, 55, 77]
[25, 55, 79]
[24, 58, 81]
[25, 60, 84]
[25, 59, 85]
[24, 57, 85]
[23, 56, 85]
[25, 55, 85]
[22, 50, 77]
[21, 42, 69]
[17, 35, 60]
[20, 31, 55]
[21, 29, 51]
[19, 24, 44]
[25, 7, 19]
[26, 9, 24]
[25, 13, 28]
[28, 18, 35]
[29, 27, 45]
[34, 37, 57]
[33, 41, 61]
[32, 46, 67]
[34, 53, 77]
[27, 51, 76]
[26, 53, 79]
[24, 52, 79]
[24, 52, 78]
[26, 50, 76]
[28, 47, 73]
[22, 39, 66]
[21, 37, 63]
[27, 39, 67]
[32, 41, 70]
[25, 32, 61]
[25, 33, 61]
[27, 36, 62]
[28, 38, 62]
[28, 38, 60]
[28, 38, 59]
[25, 36, 57]
[22, 33, 55]
[23, 32, 53]
[20, 31, 52]
[24, 33, 53]
[26, 36, 56]
[28, 40, 61]
[29, 44, 66]
[26, 45, 67]
[27, 50, 74]
[26, 53, 77]
[26, 53, 77]
[29, 58, 82]
[29, 60, 85]
[27, 60, 86]
[26, 61, 89]
[24, 57, 87]
[22, 55, 85]
[20, 54, 84]
[18, 50, 79]
[19, 44, 71]
[12, 33, 59]
[20, 31, 55]
[23, 29, 52]
[22, 25, 46]
[26, 8, 20]
[25, 8, 22]
[25, 10, 26]
[24, 15, 31]
[25, 22, 38]
[25, 26, 44]
[27, 35, 53]
[30, 42, 61]
[28, 45, 68]
[26, 47, 72]
[24, 48, 73]
[23, 47, 73]
[20, 44, 70]
[23, 42, 69]
[28, 44, 69]
[24, 38, 64]
[23, 37, 63]
[27, 39, 67]
[30, 41, 71]
[24, 32, 64]
[25, 33, 63]
[28, 38, 64]
[27, 37, 62]
[26, 37, 60]
[27, 38, 59]
[26, 37, 59]
[24, 36, 58]
[22, 33, 55]
[22, 32, 54]
[23, 32, 54]
[25, 35, 55]
[27, 38, 59]
[27, 40, 62]
[25, 42, 66]
[26, 48, 72]
[27, 52, 77]
[29, 56, 80]
[32, 59, 84]
[28, 58, 84]
[26, 58, 85]
[26, 60, 88]
[23, 58, 88]
[18, 53, 83]
[16, 51, 80]
[17, 51, 79]
[17, 45, 71]
[18, 39, 65]
[16, 30, 54]
[20, 27, 49]
[25, 27, 49]
[26, 12, 23]
[26, 11, 25]
[26, 12, 27]
[24, 14, 29]
[22, 17, 33]
[23, 23, 39]
[27, 31, 49]
[25, 36, 55]
[23, 37, 59]
[23, 39, 63]
[23, 41, 66]
[23, 41, 67]
[25, 42, 68]
[27, 40, 67]
[24, 35, 61]
[24, 36, 61]
[26, 35, 63]
[28, 37, 65]
[30, 41, 68]
[25, 34, 64]
[24, 34, 63]
[26, 37, 63]
[27, 39, 63]
[25, 39, 61]
[25, 38, 60]
[24, 39, 60]
[26, 39, 61]
[24, 36, 58]
[24, 35, 58]
[27, 36, 59]
[29, 36, 60]
[28, 38, 61]
[25, 38, 61]
[26, 42, 66]
[25, 47, 72]
[28, 52, 78]
[28, 54, 80]
[31, 57, 84]
[30, 57, 85]
[27, 57, 85]
[23, 57, 86]
[22, 56, 87]
[18, 53, 84]
[17, 52, 82]
[17, 50, 79]
[19, 46, 73]
[24, 45, 69]
[18, 30, 54]
[22, 26, 49]
[25, 25, 47]
[23, 15, 27]
[26, 14, 29]
[26, 15, 30]
[22, 14, 28]
[23, 18, 32]
[22, 20, 37]
[22, 23, 42]
[23, 28, 48]
[21, 29, 53]
[18, 29, 54]
[20, 35, 60]
[21, 34, 60]
[26, 39, 64]
[29, 39, 64]
[27, 34, 60]
[29, 35, 60]
[30, 35, 61]
[29, 36, 63]
[26, 35, 63]
[26, 35, 64]
[29, 39, 66]
[29, 40, 66]
[25, 38, 63]
[23, 39, 63]
[22, 40, 61]
[21, 40, 61]
[23, 39, 61]
[28, 43, 64]
[28, 41, 63]
[27, 38, 63]
[28, 36, 64]
[29, 40, 66]
[27, 39, 65]
[27, 43, 69]
[26, 47, 73]
[27, 52, 78]
[30, 56, 83]
[29, 56, 84]
[28, 56, 84]
[25, 55, 84]
[25, 56, 86]
[28, 58, 90]
[22, 55, 88]
[19, 52, 82]
[16, 48, 76]
[24, 47, 73]
[17, 36, 61]
[22, 32, 55]
[24, 27, 50]
[24, 24, 45]
[22, 19, 32]
[25, 18, 32]
[28, 22, 34]
[23, 18, 30]
[19, 15, 28]
[19, 16, 31]
[20, 19, 37]
[20, 21, 41]
[20, 24, 46]
[18, 26, 49]
[15, 26, 49]
[20, 33, 56]
[24, 34, 59]
[27, 35, 60]
[29, 33, 58]
[30, 33, 58]
[29, 32, 57]
[26, 32, 58]
[25, 34, 60]
[26, 35, 63]
[27, 38, 65]
[25, 38, 64]
[24, 38, 63]
[21, 41, 65]
[21, 44, 65]
[20, 44, 64]
[22, 43, 63]
[23, 42, 63]
[24, 38, 62]
[28, 37, 65]
[31, 41, 70]
[29, 39, 68]
[27, 39, 68]
[27, 43, 71]
[26, 48, 75]
[28, 52, 80]
[32, 57, 85]
[30, 55, 84]
[29, 55, 84]
[29, 57, 87]
[29, 58, 89]
[25, 55, 88]
[23, 55, 86]
[21, 51, 81]
[20, 48, 75]
[25, 44, 69]
[19, 35, 59]
[22, 29, 53]
[24, 25, 50]
[24, 21, 44]
[25, 29, 42]
[25, 24, 38]
[24, 22, 33]
[23, 20, 30]
[21, 15, 27]
[21, 16, 31]
[21, 16, 33]
[17, 15, 35]
[21, 21, 41]
[24, 27, 48]
[17, 25, 47]
[17, 27, 48]
[25, 34, 55]
[25, 32, 55]
[28, 30, 54]
[24, 27, 51]
[25, 26, 52]
[26, 30, 56]
[28, 35, 61]
[30, 38, 65]
[27, 38, 64]
[23, 38, 63]
[23, 41, 66]
[23, 46, 70]
[21, 48, 70]
[17, 44, 65]
[19, 42, 64]
[21, 41, 63]
[23, 39, 63]
[29, 41, 70]
[31, 41, 71]
[21, 34, 65]
[29, 41, 72]
[30, 46, 76]
[29, 49, 78]
[28, 52, 81]
[29, 54, 82]
[30, 55, 84]
[31, 57, 87]
[33, 61, 92]
[30, 58, 90]
[25, 53, 87]
[24, 52, 85]
[21, 49, 80]
[21, 45, 72]
[22, 39, 66]
[24, 36, 60]
[23, 29, 54]
[24, 24, 47]
[24, 20, 44]
