[36, 48, 54]
[34, 44, 47]
[34, 42, 45]
[35, 42, 42]
[28, 35, 35]
[28, 34, 33]
[30, 36, 35]
[43, 50, 50]
[60, 70, 69]
[76, 90, 91]
[102, 119, 119]
[114, 131, 133]
[116, 137, 142]
[115, 135, 141]
[105, 125, 130]
[106, 122, 126]
[114, 129, 129]
[128, 142, 141]
[140, 156, 153]
[143, 162, 159]
[141, 162, 161]
[139, 160, 162]
[132, 154, 157]
[127, 150, 154]
[122, 145, 150]
[117, 140, 145]
[109, 133, 138]
[101, 124, 127]
[94, 117, 118]
[89, 110, 110]
[89, 107, 104]
[87, 100, 98]
[88, 98, 96]
[86, 93, 93]
[82, 85, 87]
[80, 84, 88]
[86, 89, 95]
[86, 90, 95]
[75, 78, 85]
[69, 72, 79]
[70, 74, 79]
[70, 74, 78]
[73, 78, 80]
[75, 82, 82]
[75, 84, 83]
[79, 86, 83]
[81, 90, 86]
[82, 90, 85]
[84, 92, 86]
[90, 98, 89]
[38, 44, 46]
[33, 40, 39]
[33, 40, 38]
[35, 43, 38]
[34, 41, 36]
[27, 33, 29]
[22, 27, 25]
[21, 27, 26]
[32, 41, 40]
[51, 61, 61]
[81, 93, 94]
[101, 116, 117]
[109, 129, 132]
[116, 137, 141]
[115, 134, 139]
[119, 136, 140]
[122, 139, 140]
[130, 148, 147]
[142, 160, 158]
[146, 168, 165]
[146, 168, 169]
[141, 165, 169]
[136, 160, 165]
[129, 153, 160]
[124, 148, 154]
[120, 143, 151]
[111, 134, 142]
[99, 124, 128]
[94, 118, 119]
[89, 110, 109]
[91, 109, 107]
[91, 105, 103]
[84, 95, 95]
[81, 89, 89]
[76, 82, 85]
[80, 83, 87]
[87, 91, 96]
[87, 90, 93]
[76, 79, 84]
[71, 74, 81]
[70, 73, 78]
[71, 74, 78]
[69, 74, 77]
[74, 79, 80]
[81, 87, 86]
[82, 89, 86]
[83, 91, 86]
[86, 93, 87]
[90, 98, 90]
[96, 103, 91]
[40, 45, 43]
[46, 53, 47]
[45, 52, 44]
[43, 51, 40]
[47, 55, 44]
[50, 58, 49]
[49, 54, 49]
[44, 50, 45]
[26, 32, 29]
[22, 29, 27]
[31, 38, 38]
[61, 71, 71]
[88, 102, 103]
[102, 118, 120]
[120, 136, 140]
[130, 145, 146]
[134, 150, 150]
[134, 151, 150]
[145, 165, 162]
[149, 171, 169]
[147, 171, 171]
[143, 168, 171]
[138, 162, 168]
[131, 155, 163]
[124, 148, 157]
[120, 142, 152]
[109, 133, 141]
[96, 120, 125]
[89, 113, 115]
[88, 110, 109]
[91, 109, 108]
[96, 111, 110]
[92, 104, 104]
[85, 94, 95]
[76, 82, 84]
[80, 85, 87]
[85, 88, 92]
[85, 88, 91]
[77, 80, 84]
[73, 75, 80]
[72, 74, 78]
[71, 74, 76]
[68, 70, 73]
[67, 70, 71]
[78, 82, 81]
[85, 90, 86]
[88, 93, 89]
[93, 99, 91]
[95, 101, 90]
[105, 111, 95]
[44, 50, 41]
[53, 59, 47]
[55, 65, 49]
[51, 64, 47]
[52, 63, 45]
[55, 66, 51]
[58, 67, 54]
[55, 63, 53]
[40, 46, 41]
[16, 21, 19]
[11, 18, 16]
[24, 32, 31]
[66, 77, 77]
[85, 97, 96]
[109, 123, 124]
[130, 142, 143]
[136, 151, 150]
[140, 157, 154]
[146, 165, 162]
[149, 171, 169]
[148, 172, 171]
[147, 171, 173]
[139, 163, 168]
[135, 158, 166]
[128, 151, 160]
[121, 145, 154]
[107, 131, 140]
[94, 119, 125]
[88, 111, 115]
[87, 110, 110]
[90, 109, 110]
[90, 106, 107]
[92, 104, 107]
[89, 97, 101]
[80, 86, 90]
[78, 83, 87]
[85, 89, 93]
[85, 88, 92]
[79, 81, 85]
[74, 76, 80]
[74, 77, 80]
[71, 72, 76]
[65, 68, 71]
[68, 70, 70]
[74, 77, 75]
[80, 84, 81]
[89, 93, 89]
[96, 99, 91]
[99, 102, 90]
[109, 113, 97]
[43, 45, 34]
[53, 60, 42]
[63, 72, 52]
[66, 82, 58]
[61, 78, 54]
[55, 71, 51]
[60, 74, 55]
[61, 74, 60]
[61, 71, 62]
[56, 63, 58]
[17, 23, 19]
[17, 23, 20]
[24, 31, 29]
[54, 62, 59]
[87, 95, 93]
[109, 119, 116]
[135, 147, 144]
[142, 156, 153]
[144, 162, 158]
[151, 171, 167]
[149, 172, 170]
[147, 172, 173]
[142, 166, 169]
[135, 158, 165]
[131, 154, 163]
[124, 149, 157]
[116, 141, 150]
[102, 129, 135]
[92, 118, 123]
[88, 110, 115]
[88, 108, 111]
[83, 100, 104]
[84, 98, 103]
[85, 95, 100]
[80, 88, 93]
[77, 83, 89]
[80, 84, 88]
[82, 87, 90]
[82, 86, 89]
[81, 84, 88]
[73, 76, 80]
[69, 71, 74]
[67, 69, 71]
[69, 71, 71]
[72, 74, 73]
[77, 79, 77]
[82, 84, 80]
[89, 89, 81]
[96, 97, 85]
[109, 113, 95]
[44, 43, 30]
[55, 59, 39]
[71, 80, 57]
[73, 89, 61]
[67, 86, 57]
[62, 83, 57]
[62, 81, 58]
[64, 81, 63]
[68, 83, 69]
[66, 76, 67]
[45, 53, 47]
[17, 24, 20]
[12, 17, 14]
[23, 27, 24]
[63, 69, 66]
[88, 94, 90]
[121, 130, 125]
[141, 152, 146]
[142, 158, 152]
[146, 166, 161]
[149, 171, 168]
[150, 173, 173]
[145, 169, 171]
[138, 161, 167]
[132, 155, 163]
[126, 151, 160]
[121, 147, 155]
[110, 136, 144]
[101, 127, 133]
[94, 117, 123]
[89, 109, 115]
[85, 103, 109]
[83, 96, 103]
[78, 89, 95]
[77, 85, 91]
[76, 82, 87]
[76, 80, 85]
[75, 80, 85]
[82, 87, 91]
[81, 85, 90]
[73, 76, 81]
[67, 69, 74]
[66, 69, 71]
[68, 70, 72]
[71, 74, 75]
[76, 78, 77]
[76, 78, 74]
[83, 82, 75]
[90, 89, 76]
[112, 114, 99]
[48, 41, 27]
[53, 54, 33]
[78, 85, 60]
[86, 100, 70]
[78, 97, 67]
[70, 92, 65]
[65, 87, 61]
[66, 87, 65]
[69, 88, 71]
[69, 85, 71]
[56, 68, 59]
[44, 52, 48]
[15, 20, 17]
[15, 16, 13]
[36, 37, 34]
[65, 69, 63]
[104, 110, 104]
[126, 135, 128]
[144, 157, 151]
[148, 165, 160]
[151, 172, 167]
[150, 173, 171]
[147, 171, 172]
[142, 167, 171]
[135, 161, 167]
[128, 156, 165]
[121, 149, 159]
[110, 139, 149]
[100, 127, 136]
[97, 121, 129]
[91, 113, 121]
[87, 105, 112]
[81, 95, 103]
[80, 90, 97]
[75, 83, 89]
[72, 78, 84]
[72, 76, 82]
[71, 76, 81]
[74, 79, 85]
[74, 80, 86]
[68, 72, 78]
[66, 69, 74]
[66, 70, 73]
[69, 72, 74]
[73, 75, 77]
[78, 79, 79]
[78, 78, 76]
[80, 79, 72]
[86, 84, 73]
[112, 113, 101]
[49, 39, 25]
[56, 52, 34]
[82, 85, 61]
[92, 103, 73]
[89, 105, 75]
[82, 103, 75]
[71, 94, 67]
[68, 91, 68]
[74, 97, 76]
[73, 94, 78]
[60, 78, 68]
[55, 66, 60]
[25, 31, 29]
[18, 19, 18]
[24, 24, 22]
[43, 45, 40]
[86, 90, 83]
[106, 113, 107]
[137, 148, 142]
[149, 163, 158]
[151, 169, 166]
[148, 170, 167]
[147, 171, 170]
[145, 171, 173]
[135, 163, 168]
[128, 158, 167]
[120, 150, 161]
[109, 140, 150]
[99, 127, 138]
[94, 119, 130]
[93, 115, 125]
[86, 104, 113]
[81, 95, 104]
[77, 87, 95]
[75, 82, 90]
[71, 76, 83]
[70, 74, 82]
[67, 72, 78]
[67, 72, 79]
[66, 71, 79]
[65, 71, 77]
[65, 69, 74]
[65, 70, 74]
[68, 73, 75]
[73, 78, 79]
[77, 78, 79]
[79, 79, 79]
[80, 78, 73]
[85, 82, 74]
[111, 111, 103]
[54, 39, 26]
[62, 54, 35]
[85, 85, 61]
[101, 110, 79]
[99, 113, 82]
[91, 112, 83]
[78, 103, 76]
[74, 99, 76]
[75, 103, 81]
[76, 100, 84]
[67, 90, 78]
[56, 70, 65]
[35, 42, 40]
[21, 22, 22]
[16, 15, 15]
[36, 36, 33]
[67, 67, 63]
[88, 92, 87]
[125, 133, 128]
[141, 153, 149]
[151, 167, 164]
[145, 167, 164]
[146, 170, 169]
[144, 171, 174]
[136, 166, 171]
[127, 158, 167]
[119, 150, 161]
[108, 139, 152]
[98, 127, 140]
[93, 118, 131]
[90, 111, 123]
[84, 99, 110]
[80, 90, 101]
[78, 85, 95]
[80, 84, 94]
[78, 81, 90]
[70, 73, 83]
[65, 70, 78]
[62, 68, 76]
[60, 65, 73]
[61, 67, 74]
[61, 67, 72]
[63, 69, 73]
[67, 72, 74]
[71, 76, 78]
[76, 79, 80]
[76, 77, 76]
[80, 77, 74]
[90, 88, 83]
[114, 116, 111]
[57, 41, 27]
[61, 52, 34]
[84, 85, 61]
[105, 115, 84]
[105, 120, 89]
[91, 114, 84]
[79, 105, 77]
[78, 106, 80]
[78, 108, 86]
[77, 107, 90]
[72, 99, 87]
[62, 79, 73]
[41, 51, 49]
[23, 25, 26]
[18, 17, 19]
[29, 27, 27]
[53, 52, 50]
[73, 75, 72]
[111, 116, 112]
[133, 142, 138]
[147, 160, 157]
[148, 167, 165]
[146, 168, 167]
[142, 169, 170]
[138, 168, 172]
[127, 159, 167]
[118, 150, 161]
[108, 139, 153]
[100, 128, 143]
[94, 118, 132]
[86, 105, 119]
[80, 94, 107]
[79, 89, 101]
[80, 84, 96]
[81, 83, 96]
[78, 81, 93]
[69, 73, 85]
[65, 71, 81]
[64, 70, 78]
[61, 67, 75]
[62, 68, 75]
[62, 68, 74]
[62, 69, 73]
[65, 72, 74]
[71, 77, 78]
[73, 78, 79]
[73, 77, 76]
[81, 82, 78]
[92, 93, 87]
[112, 117, 113]
[54, 37, 22]
[59, 50, 31]
[83, 85, 60]
[106, 116, 84]
[101, 118, 86]
[88, 113, 82]
[81, 110, 80]
[77, 107, 81]
[77, 109, 85]
[76, 109, 91]
[79, 109, 97]
[70, 90, 82]
[48, 60, 58]
[23, 25, 27]
[23, 20, 23]
[34, 29, 31]
[38, 34, 34]
[60, 59, 58]
[93, 96, 93]
[119, 125, 122]
[140, 150, 148]
[151, 168, 166]
[146, 168, 166]
[140, 166, 167]
[136, 165, 168]
[129, 161, 167]
[118, 150, 160]
[109, 140, 154]
[101, 130, 145]
[94, 118, 133]
[83, 101, 116]
[77, 91, 105]
[80, 88, 102]
[82, 86, 100]
[83, 87, 102]
[78, 83, 97]
[73, 79, 92]
[70, 77, 89]
[64, 71, 81]
[64, 71, 79]
[64, 71, 78]
[65, 72, 77]
[65, 72, 76]
[65, 73, 75]
[69, 76, 77]
[75, 80, 80]
[78, 84, 83]
[87, 91, 87]
[90, 94, 89]
[111, 119, 116]
[52, 38, 23]
[59, 52, 32]
[81, 86, 60]
[105, 118, 84]
[97, 117, 83]
[86, 112, 81]
[80, 110, 80]
[76, 108, 81]
[76, 110, 86]
[75, 113, 94]
[80, 115, 103]
[76, 100, 94]
[48, 62, 60]
[21, 28, 30]
[25, 24, 28]
[36, 29, 32]
[36, 31, 34]
[47, 42, 43]
[79, 78, 77]
[99, 101, 99]
[127, 134, 132]
[147, 159, 158]
[146, 165, 164]
[139, 165, 165]
[134, 163, 165]
[129, 160, 166]
[119, 151, 159]
[111, 142, 155]
[103, 131, 146]
[94, 118, 134]
[80, 99, 114]
[77, 91, 105]
[81, 91, 105]
[83, 90, 104]
[84, 92, 106]
[82, 90, 104]
[73, 83, 96]
[69, 79, 90]
[63, 73, 81]
[63, 70, 77]
[65, 71, 77]
[66, 72, 78]
[67, 73, 78]
[67, 73, 77]
[68, 75, 77]
[71, 78, 80]
[81, 88, 87]
[90, 97, 93]
[90, 97, 92]
[105, 117, 112]
[53, 41, 23]
[64, 61, 38]
[86, 93, 64]
[105, 120, 85]
[95, 116, 82]
[82, 111, 80]
[75, 108, 79]
[73, 108, 82]
[73, 111, 86]
[75, 114, 96]
[77, 115, 104]
[77, 104, 96]
[46, 63, 62]
[24, 34, 38]
[26, 25, 30]
[33, 24, 29]
[37, 29, 33]
[45, 39, 40]
[58, 55, 55]
[80, 78, 78]
[118, 122, 122]
[137, 148, 147]
[143, 162, 161]
[137, 162, 164]
[132, 162, 164]
[126, 158, 165]
[122, 155, 164]
[113, 146, 159]
[102, 131, 148]
[94, 121, 137]
[83, 103, 120]
[75, 92, 106]
[80, 92, 105]
[84, 95, 107]
[85, 95, 108]
[83, 94, 106]
[74, 86, 98]
[67, 79, 89]
[61, 71, 80]
[57, 65, 72]
[59, 65, 72]
[62, 67, 73]
[62, 68, 72]
[66, 72, 75]
[66, 73, 75]
[69, 75, 76]
[77, 85, 85]
[88, 97, 94]
[96, 104, 100]
[106, 117, 115]
[54, 49, 28]
[69, 70, 44]
[92, 103, 71]
[98, 114, 80]
[89, 113, 79]
[79, 109, 79]
[73, 106, 78]
[74, 111, 85]
[74, 113, 91]
[73, 114, 97]
[76, 115, 104]
[71, 100, 93]
[43, 63, 64]
[24, 35, 42]
[26, 27, 34]
[29, 22, 29]
[33, 24, 31]
[43, 34, 38]
[49, 43, 45]
[67, 64, 65]
[105, 109, 108]
[127, 137, 137]
[136, 154, 154]
[133, 158, 161]
[129, 159, 163]
[126, 158, 166]
[122, 155, 165]
[112, 144, 159]
[100, 132, 149]
[92, 120, 138]
[84, 107, 124]
[78, 97, 112]
[80, 95, 107]
[84, 96, 107]
[87, 100, 110]
[85, 98, 107]
[77, 90, 99]
[67, 79, 88]
[61, 71, 80]
[59, 66, 74]
[58, 63, 70]
[59, 63, 68]
[61, 65, 70]
[66, 70, 74]
[65, 70, 74]
[68, 74, 76]
[76, 82, 83]
[87, 94, 93]
[99, 108, 105]
[104, 117, 116]
[57, 56, 34]
[74, 80, 51]
[92, 105, 71]
[93, 114, 78]
[84, 112, 80]
[75, 107, 80]
[71, 106, 81]
[71, 110, 87]
[75, 117, 96]
[75, 118, 102]
[72, 112, 103]
[62, 92, 88]
[38, 57, 60]
[25, 34, 41]
[23, 21, 30]
[26, 19, 26]
[34, 24, 31]
[40, 31, 35]
[39, 33, 34]
[61, 61, 62]
[91, 96, 96]
[113, 124, 125]
[128, 145, 147]
[128, 153, 159]
[127, 157, 163]
[127, 159, 169]
[118, 151, 164]
[109, 142, 159]
[98, 131, 150]
[89, 118, 137]
[83, 107, 126]
[78, 98, 115]
[80, 95, 108]
[82, 95, 105]
[85, 98, 106]
[86, 99, 107]
[77, 90, 98]
[68, 80, 88]
[61, 71, 80]
[60, 67, 75]
[59, 63, 70]
[61, 63, 67]
[64, 65, 69]
[66, 67, 70]
[65, 67, 70]
[67, 71, 73]
[75, 79, 81]
[83, 88, 88]
[96, 103, 102]
[104, 114, 115]
[61, 66, 42]
[75, 86, 56]
[89, 106, 74]
[87, 112, 79]
[79, 110, 79]
[71, 106, 79]
[69, 107, 82]
[73, 113, 91]
[77, 121, 101]
[73, 116, 104]
[68, 107, 99]
[56, 85, 86]
[36, 52, 58]
[26, 31, 39]
[24, 21, 30]
[28, 20, 29]
[34, 26, 34]
[35, 28, 32]
[34, 29, 32]
[50, 50, 52]
[80, 87, 88]
[102, 113, 115]
[114, 133, 137]
[124, 148, 155]
[123, 153, 161]
[122, 155, 167]
[115, 149, 164]
[107, 141, 161]
[97, 129, 150]
[88, 118, 138]
[81, 107, 125]
[80, 99, 115]
[81, 96, 108]
[82, 95, 105]
[81, 93, 103]
[79, 92, 101]
[76, 88, 98]
[68, 79, 89]
[62, 71, 81]
[61, 67, 76]
[61, 64, 72]
[61, 62, 68]
[63, 63, 67]
[64, 63, 67]
[64, 64, 67]
[66, 67, 69]
[76, 78, 81]
[84, 88, 88]
[91, 96, 96]
[99, 108, 109]
[69, 78, 55]
[84, 98, 68]
[83, 103, 72]
[82, 111, 79]
[76, 110, 81]
[68, 107, 80]
[66, 108, 85]
[69, 113, 93]
[73, 119, 103]
[67, 110, 101]
[63, 97, 95]
[49, 72, 76]
[35, 45, 54]
[25, 25, 35]
[27, 20, 29]
[31, 21, 29]
[32, 24, 32]
[34, 28, 33]
[28, 25, 28]
[42, 42, 45]
[70, 77, 79]
[92, 104, 108]
[108, 126, 133]
[116, 140, 149]
[118, 148, 161]
[119, 151, 166]
[113, 147, 165]
[108, 140, 161]
[99, 128, 150]
[85, 113, 133]
[81, 105, 123]
[81, 98, 114]
[82, 96, 109]
[82, 95, 107]
[82, 95, 105]
[80, 92, 103]
[76, 87, 98]
[67, 77, 89]
[62, 70, 83]
[61, 67, 77]
[61, 64, 73]
[59, 60, 67]
[63, 62, 67]
[64, 63, 66]
[63, 63, 66]
[65, 66, 68]
[76, 79, 81]
[87, 92, 92]
[87, 93, 94]
[89, 97, 99]
[77, 90, 68]
[83, 100, 73]
[80, 103, 74]
[71, 102, 73]
[68, 104, 76]
[69, 110, 86]
[66, 111, 89]
[64, 111, 94]
[66, 113, 101]
[63, 106, 100]
[50, 81, 84]
[41, 58, 66]
[29, 34, 44]
[22, 18, 28]
[29, 20, 30]
[31, 20, 30]
[31, 24, 33]
[34, 27, 34]
[31, 27, 33]
[35, 35, 41]
[64, 69, 74]
[81, 91, 99]
[100, 118, 128]
[108, 131, 144]
[114, 141, 157]
[111, 142, 160]
[107, 139, 159]
[105, 135, 158]
[99, 125, 148]
[84, 110, 130]
[80, 100, 118]
[79, 95, 111]
[84, 98, 111]
[84, 97, 110]
[83, 97, 109]
[80, 93, 104]
[73, 84, 97]
[67, 77, 91]
[62, 70, 83]
[61, 66, 78]
[60, 63, 74]
[60, 61, 69]
[61, 61, 67]
[63, 63, 67]
[64, 64, 67]
[66, 67, 70]
[76, 79, 82]
[88, 92, 94]
[88, 94, 95]
[88, 95, 96]
[75, 92, 72]
[77, 96, 73]
[71, 95, 70]
[61, 92, 66]
[66, 104, 78]
[65, 109, 87]
[63, 112, 93]
[62, 113, 100]
[61, 108, 100]
[58, 96, 97]
[41, 68, 74]
[29, 40, 50]
[24, 22, 32]
[25, 17, 27]
[31, 19, 28]
[34, 22, 31]
[35, 24, 34]
[35, 27, 36]
[32, 24, 33]
[37, 34, 43]
[53, 54, 62]
[73, 81, 91]
[90, 107, 120]
[99, 122, 137]
[104, 131, 149]
[103, 132, 154]
[102, 131, 153]
[100, 129, 152]
[92, 116, 139]
[80, 103, 122]
[80, 98, 115]
[80, 95, 110]
[83, 96, 110]
[83, 96, 109]
[82, 96, 109]
[79, 93, 106]
[72, 84, 99]
[67, 78, 91]
[62, 71, 83]
[59, 65, 77]
[59, 65, 74]
[61, 64, 72]
[62, 64, 70]
[67, 68, 73]
[68, 68, 73]
[67, 70, 73]
[77, 81, 84]
[86, 91, 93]
[92, 100, 101]
[94, 103, 104]
[70, 92, 75]
[69, 92, 72]
[64, 89, 69]
[61, 92, 71]
[64, 102, 82]
[64, 109, 91]
[60, 110, 96]
[59, 110, 102]
[57, 101, 100]
[50, 82, 87]
[34, 51, 61]
[23, 28, 38]
[25, 21, 29]
[29, 16, 25]
[32, 18, 27]
[38, 23, 32]
[36, 24, 34]
[33, 22, 33]
[31, 23, 33]
[39, 33, 43]
[46, 46, 56]
[66, 72, 83]
[81, 95, 110]
[93, 113, 131]
[100, 125, 144]
[99, 125, 148]
[97, 122, 146]
[98, 123, 146]
[88, 109, 131]
[79, 98, 117]
[79, 94, 111]
[80, 94, 108]
[81, 94, 108]
[82, 94, 109]
[82, 96, 109]
[79, 92, 107]
[73, 86, 100]
[66, 78, 91]
[63, 73, 85]
[62, 69, 80]
[62, 69, 78]
[62, 66, 75]
[61, 64, 72]
[66, 67, 74]
[70, 71, 77]
[70, 72, 77]
[78, 80, 85]
[86, 91, 94]
[95, 102, 104]
[95, 103, 104]
[66, 91, 77]
[66, 89, 74]
[68, 94, 77]
[67, 97, 81]
[69, 106, 91]
[68, 111, 99]
[62, 108, 100]
[56, 100, 98]
[45, 81, 84]
[37, 58, 68]
[24, 35, 45]
[26, 25, 34]
[27, 18, 25]
[31, 16, 23]
[35, 19, 27]
[38, 24, 32]
[36, 22, 31]
[32, 21, 31]
[35, 25, 36]
[39, 31, 43]
[41, 38, 51]
[57, 61, 74]
[70, 83, 99]
[85, 102, 122]
[92, 115, 137]
[96, 120, 144]
[93, 115, 141]
[89, 111, 134]
[85, 103, 125]
[81, 97, 116]
[81, 94, 111]
[81, 94, 109]
[86, 98, 112]
[85, 99, 113]
[82, 96, 110]
[77, 92, 105]
[72, 87, 100]
[69, 83, 95]
[68, 80, 91]
[68, 77, 88]
[64, 71, 81]
[62, 67, 76]
[57, 61, 70]
[57, 60, 68]
[60, 61, 69]
[66, 67, 74]
[76, 77, 83]
[85, 88, 92]
[90, 95, 98]
[94, 103, 106]
[65, 90, 80]
[64, 89, 78]
[68, 92, 81]
[69, 99, 88]
[71, 105, 96]
[67, 105, 99]
[60, 96, 94]
[49, 80, 84]
[34, 54, 63]
[23, 35, 46]
[27, 27, 35]
[27, 20, 28]
[32, 19, 25]
[32, 17, 23]
[36, 22, 29]
[37, 23, 31]
[33, 21, 30]
[38, 26, 35]
[41, 32, 42]
[40, 32, 42]
[42, 38, 51]
[48, 49, 64]
[62, 72, 89]
[74, 88, 109]
[86, 104, 127]
[89, 109, 132]
[88, 107, 131]
[83, 101, 125]
[79, 95, 115]
[81, 96, 114]
[81, 96, 110]
[82, 97, 111]
[86, 100, 114]
[85, 100, 113]
[81, 95, 109]
[73, 88, 102]
[71, 87, 100]
[72, 87, 98]
[71, 85, 96]
[69, 79, 91]
[64, 72, 84]
[60, 66, 78]
[56, 60, 71]
[52, 54, 65]
[53, 53, 63]
[62, 60, 70]
[75, 73, 82]
[79, 78, 87]
[82, 85, 91]
[89, 95, 100]
[61, 86, 79]
[63, 87, 79]
[68, 91, 84]
[67, 92, 88]
[67, 92, 89]
[58, 85, 85]
[45, 67, 71]
[35, 50, 60]
[25, 32, 43]
[21, 21, 31]
[25, 20, 29]
[29, 19, 26]
[34, 21, 27]
[35, 23, 29]
[34, 23, 30]
[37, 27, 35]
[37, 28, 36]
[42, 33, 41]
[44, 36, 46]
[42, 36, 45]
[36, 33, 44]
[44, 45, 59]
[55, 62, 78]
[65, 76, 96]
[76, 90, 113]
[82, 98, 121]
[77, 93, 118]
[71, 87, 109]
[73, 88, 106]
[80, 95, 110]
[82, 97, 110]
[83, 99, 111]
[82, 97, 110]
[78, 94, 108]
[75, 91, 106]
[71, 87, 101]
[71, 87, 101]
[71, 87, 101]
[72, 85, 99]
[71, 83, 96]
[67, 77, 90]
[61, 68, 80]
[55, 60, 73]
[53, 56, 68]
[54, 53, 66]
[56, 52, 65]
[68, 64, 76]
[71, 70, 80]
[81, 82, 90]
[86, 92, 98]
[56, 77, 73]
[62, 82, 76]
[62, 82, 77]
[60, 78, 74]
[55, 70, 69]
[51, 62, 65]
[36, 45, 50]
[25, 29, 37]
[22, 20, 29]
[27, 21, 30]
[31, 22, 28]
[33, 22, 30]
[39, 30, 36]
[41, 34, 42]
[41, 34, 44]
[38, 32, 42]
[38, 32, 42]
[41, 37, 45]
[47, 44, 52]
[41, 38, 47]
[33, 32, 43]
[41, 42, 55]
[54, 57, 74]
[59, 66, 86]
[66, 75, 97]
[72, 83, 105]
[70, 83, 105]
[69, 83, 102]
[70, 84, 99]
[73, 88, 100]
[83, 98, 109]
[82, 100, 110]
[80, 98, 110]
[75, 94, 107]
[69, 86, 101]
[69, 86, 101]
[70, 87, 101]
[70, 86, 100]
[70, 86, 99]
[71, 84, 99]
[69, 80, 93]
[63, 72, 85]
[57, 64, 78]
[57, 60, 75]
[54, 55, 70]
[55, 52, 67]
[64, 61, 74]
[67, 65, 76]
[75, 76, 85]
[83, 90, 96]
[41, 59, 57]
[36, 53, 51]
[30, 44, 43]
[28, 40, 40]
[25, 31, 33]
[16, 22, 26]
[9, 11, 16]
[12, 11, 18]
[21, 18, 27]
[29, 23, 31]
[37, 29, 37]
[45, 40, 48]
[48, 44, 53]
[49, 46, 58]
[49, 45, 59]
[45, 45, 58]
[45, 43, 55]
[43, 41, 52]
[42, 40, 49]
[41, 39, 49]
[32, 31, 42]
[41, 39, 53]
[48, 49, 66]
[55, 58, 78]
[61, 64, 86]
[65, 71, 93]
[63, 72, 92]
[65, 76, 93]
[67, 79, 91]
[70, 84, 94]
[78, 95, 104]
[81, 100, 109]
[78, 98, 109]
[73, 94, 107]
[69, 87, 102]
[68, 86, 101]
[67, 85, 99]
[68, 84, 99]
[69, 85, 99]
[67, 81, 95]
[65, 77, 92]
[64, 75, 90]
[61, 71, 86]
[60, 67, 82]
[55, 58, 74]
[54, 56, 70]
[58, 59, 72]
[65, 65, 77]
[70, 74, 83]
[75, 85, 91]
